[10.908309916817608, -87.10463023817512, 3.0011746787293077, 0.44727487421470496, 0.8785857493328914, -76.12397603410426, -115.27041691162168, 4.617330830819686, 4.375620746753772, 0.2298287526955799, 0.14492631821451327, 0.4297941053181775, 0.1675968061446833, 0.11151263736916048, -54.298139923065605, 18.99767345652441, -2.111031585766284, 0.0859948629597358, 9.759107788483933, 1.0000874705243068, 108.25051269673193, -44.03242631540333, 53.00846454794056, 53.4421399992283]
gen	nevals	avg   	std   	min    	max        
1  	4     	586272	577742	3237.35	1.17315e+06


[10.908309916817608, -87.10463023817512, 3.0011746787293077, 0.44727487421470496, 0.8785857493328914, -76.12397603410426, -115.27041691162168, 4.617330830819686, 4.375620746753772, 0.2298287526955799, 0.14492631821451327, 0.4297941053181775, 0.1675968061446833, 0.11151263736916048, -54.298139923065605, 18.99767345652441, -2.111031585766284, 0.0859948629597358, 9.759107788483933, 1.0000874705243068, 108.25051269673193, -44.03242631540333, 53.00846454794056, 53.4421399992283]
gen	nevals	avg   	std   	min    	max        
1  	4     	586272	577742	3237.35	1.17315e+06
2  	4     	735294	557379	3237.35	1.1985e+06 


[10.908309916817608, -87.10463023817512, 3.0011746787293077, 0.44727487421470496, 0.8785857493328914, -76.12397603410426, -115.27041691162168, 4.617330830819686, 4.375620746753772, 0.2298287526955799, 0.14492631821451327, 0.4297941053181775, 0.1675968061446833, 0.11151263736916048, -54.298139923065605, 18.99767345652441, -2.111031585766284, 0.0859948629597358, 9.759107788483933, 1.0000874705243068, 108.25051269673193, -44.03242631540333, 53.00846454794056, 53.4421399992283]
gen	nevals	avg   	std   	min    	max        
1  	4     	586272	577742	3237.35	1.17315e+06
2  	4     	735294	557379	3237.35	1.1985e+06 
3  	4     	307760	522306	3237.35	1.22615e+06


