[10.908309916817608, -87.10463023817512, 3.0011746787293077, 0.44727487421470496, 0.8785857493328914, -76.12397603410426, -115.27041691162168, 4.617330830819686, 4.375620746753772, 0.2298287526955799, 0.14492631821451327, 0.4297941053181775, 0.1675968061446833, 0.11151263736916048, -54.298139923065605, 18.99767345652441, -2.111031585766284, 0.0859948629597358, 9.759107788483933, 1.0000874705243068, 108.25051269673193, -44.03242631540333, 53.00846454794056, 53.4421399992283]
gen	nevals	avg    	std    	min    	max   
1  	5     	82580.2	10425.8	71868.3	101397


[14.050523968942905, -16.21100256142814, 66.63846343973289, 0.5138627063501463, 0.8175376198366756, -59.76625468536618, -52.91264706430832, 4.916398751699636, 4.326632773334939, 0.2322182477906541, 0.06449885785199969, 10.913308260279308, 0.15241103816615303, 0.09706258730111081, -80.13288072600095, 17.7008802169546, -113.86110284047703, 0.06946739742465888, 77.45274749820297, 1.0148260008990162, 3.914334562919774, -51.45875749743503, 52.96622486690901, 53.49188157793028]
gen	nevals	avg    	std    	min    	max   
1  	5     	82580.2	10425.8	71868.3	101397
2  	5     	80760.7	9302.93	69248.1	101397


[5.071381399440005, -113.91347680363421, 57.13220763486497, 0.44727487421470496, 0.026801799741577814, -76.12397603410426, -68.17947860400338, 4.617330830819686, 4.375620746753772, 0.27846499660277657, 0.2000609507475615, 0.3505597086522787, 0.1625828232246802, 0.09811723551247385, -54.343081252316196, 20.560920468199747, -138.05697646213653, 0.0360166728887202, 9.759107788483933, 1.0000874705243068, 119.57260780691821, -44.03242631540333, 50.37853618065724, 53.19635466793712]
gen	nevals	avg    	std    	min    	max        
1  	5     	82580.2	10425.8	71868.3	101397     
2  	5     	80760.7	9302.93	69248.1	101397     
3  	5     	190640 	352873 	67666.2	1.24909e+06


[5.071381399440005, -113.91347680363421, 57.13220763486497, 0.44727487421470496, 0.026801799741577814, -76.12397603410426, -68.17947860400338, 4.617330830819686, 4.375620746753772, 0.27846499660277657, 0.2000609507475615, 0.3505597086522787, 0.1625828232246802, 0.09811723551247385, -54.343081252316196, 20.560920468199747, -138.05697646213653, 0.0360166728887202, 9.759107788483933, 1.0000874705243068, 119.57260780691821, -44.03242631540333, 50.37853618065724, 53.19635466793712]
gen	nevals	avg    	std    	min    	max        
1  	5     	82580.2	10425.8	71868.3	101397     
2  	5     	80760.7	9302.93	69248.1	101397     
3  	5     	190640 	352873 	67666.2	1.24909e+06
4  	5     	7e+15  	2.1e+16	67666.2	7e+16      


[5.138504615499354, -113.91347680363421, 57.13220763486497, 0.44727487421470496, 0.10097286276150647, -76.12397603410426, -68.18421315616779, 4.617330830819686, 6.4917392636085625, 0.34560752369983905, 0.2000609507475615, 0.4251846701866105, 0.18329279025278386, 0.08339867460986027, -53.25814583840825, 15.758904452117278, -138.05697646213653, 0.034054537705362105, 8.202873317021268, 1.8887090092185814, 119.57260780691821, -44.03242631540333, 50.37853618065724, 53.194765424635676]
gen	nevals	avg    	std    	min    	max        
1  	5     	82580.2	10425.8	71868.3	101397     
2  	5     	80760.7	9302.93	69248.1	101397     
3  	5     	190640 	352873 	67666.2	1.24909e+06
4  	5     	7e+15  	2.1e+16	67666.2	7e+16      
5  	5     	67720.6	161.414	67545.4	68063.7    


[5.138504615499354, -113.91347680363421, 57.13220763486497, 0.44727487421470496, 0.10097286276150647, -76.12397603410426, -68.18421315616779, 4.617330830819686, 6.4917392636085625, 0.34560752369983905, 0.2000609507475615, 0.4251846701866105, 0.18329279025278386, 0.08339867460986027, -53.25814583840825, 15.758904452117278, -138.05697646213653, 0.034054537705362105, 8.202873317021268, 1.8887090092185814, 119.57260780691821, -44.03242631540333, 50.37853618065724, 53.194765424635676]
gen	nevals	avg    	std    	min    	max        
1  	5     	82580.2	10425.8	71868.3	101397     
2  	5     	80760.7	9302.93	69248.1	101397     
3  	5     	190640 	352873 	67666.2	1.24909e+06
4  	5     	7e+15  	2.1e+16	67666.2	7e+16      
5  	5     	67720.6	161.414	67545.4	68063.7    
6  	5     	68138.2	995.188	67545.4	70834.9    


[5.138504615499354, -113.91347680363421, 57.13220763486497, 0.44727487421470496, 0.10097286276150647, -76.12397603410426, -68.18421315616779, 4.617330830819686, 6.4917392636085625, 0.34560752369983905, 0.2000609507475615, 0.4251846701866105, 0.18329279025278386, 0.08339867460986027, -53.25814583840825, 15.758904452117278, -138.05697646213653, 0.034054537705362105, 8.202873317021268, 1.8887090092185814, 119.57260780691821, -44.03242631540333, 50.37853618065724, 53.194765424635676]
gen	nevals	avg    	std    	min    	max        
1  	5     	82580.2	10425.8	71868.3	101397     
2  	5     	80760.7	9302.93	69248.1	101397     
3  	5     	190640 	352873 	67666.2	1.24909e+06
4  	5     	7e+15  	2.1e+16	67666.2	7e+16      
5  	5     	67720.6	161.414	67545.4	68063.7    
6  	5     	68138.2	995.188	67545.4	70834.9    
7  	5     	69012  	3190.13	67592.3	78479.2    


[5.138504615499354, -113.91347680363421, 57.13220763486497, 0.44727487421470496, 0.10097286276150647, -76.12397603410426, -68.18421315616779, 4.617330830819686, 6.4917392636085625, 0.34560752369983905, 0.2000609507475615, 0.4251846701866105, 0.18329279025278386, 0.08339867460986027, -53.25814583840825, 15.758904452117278, -138.05697646213653, 0.034054537705362105, 8.202873317021268, 1.8887090092185814, 119.57260780691821, -44.03242631540333, 50.37853618065724, 53.194765424635676]
gen	nevals	avg    	std    	min    	max        
1  	5     	82580.2	10425.8	71868.3	101397     
2  	5     	80760.7	9302.93	69248.1	101397     
3  	5     	190640 	352873 	67666.2	1.24909e+06
4  	5     	7e+15  	2.1e+16	67666.2	7e+16      
5  	5     	67720.6	161.414	67545.4	68063.7    
6  	5     	68138.2	995.188	67545.4	70834.9    
7  	5     	69012  	3190.13	67592.3	78479.2    
8  	5     	73436.1	5109.03	67815.6	78586.2    


[5.138504615499354, -113.91347680363421, 57.13220763486497, 0.44727487421470496, 0.10097286276150647, -76.12397603410426, -68.18421315616779, 4.617330830819686, 6.4917392636085625, 0.34560752369983905, 0.2000609507475615, 0.4251846701866105, 0.18329279025278386, 0.08339867460986027, -53.25814583840825, 15.758904452117278, -138.05697646213653, 0.034054537705362105, 8.202873317021268, 1.8887090092185814, 119.57260780691821, -44.03242631540333, 50.37853618065724, 53.194765424635676]
gen	nevals	avg    	std    	min    	max        
1  	5     	82580.2	10425.8	71868.3	101397     
2  	5     	80760.7	9302.93	69248.1	101397     
3  	5     	190640 	352873 	67666.2	1.24909e+06
4  	5     	7e+15  	2.1e+16	67666.2	7e+16      
5  	5     	67720.6	161.414	67545.4	68063.7    
6  	5     	68138.2	995.188	67545.4	70834.9    
7  	5     	69012  	3190.13	67592.3	78479.2    
8  	5     	73436.1	5109.03	67815.6	78586.2    
9  	5     	70092.7	4337.81	67786.7	80501.2    


[5.138504615499354, -113.91347680363421, 57.13220763486497, 0.44727487421470496, 0.10097286276150647, -76.12397603410426, -68.18421315616779, 4.617330830819686, 6.4917392636085625, 0.34560752369983905, 0.2000609507475615, 0.4251846701866105, 0.18329279025278386, 0.08339867460986027, -53.25814583840825, 15.758904452117278, -138.05697646213653, 0.034054537705362105, 8.202873317021268, 1.8887090092185814, 119.57260780691821, -44.03242631540333, 50.37853618065724, 53.194765424635676]
gen	nevals	avg    	std    	min    	max        
1  	5     	82580.2	10425.8	71868.3	101397     
2  	5     	80760.7	9302.93	69248.1	101397     
3  	5     	190640 	352873 	67666.2	1.24909e+06
4  	5     	7e+15  	2.1e+16	67666.2	7e+16      
5  	5     	67720.6	161.414	67545.4	68063.7    
6  	5     	68138.2	995.188	67545.4	70834.9    
7  	5     	69012  	3190.13	67592.3	78479.2    
8  	5     	73436.1	5109.03	67815.6	78586.2    
9  	5     	70092.7	4337.81	67786.7	80501.2    
10 	5     	69125.8	2141.02	67744.5	75419.8    


