0.0105	-2.81E-09
0.01052	-2.82E-09
0.01054	-2.82E-09
0.01056	-2.82E-09
0.01058	-2.82E-09
0.0106	-2.81E-09
0.01062	-2.80E-09
0.01064	-2.79E-09
0.01066	-2.78E-09
0.01068	-2.78E-09
0.0107	-2.78E-09
0.01072	-2.78E-09
0.01074	-2.78E-09
0.01076	-2.78E-09
0.01078	-2.78E-09
0.0108	-2.77E-09
0.01082	-2.76E-09
0.01084	-2.75E-09
0.01086	-2.75E-09
0.01088	-2.75E-09
0.0109	-2.75E-09
0.01092	-2.75E-09
0.01094	-2.74E-09
0.01096	-2.74E-09
0.01098	-2.74E-09
0.011	-2.74E-09
0.01102	-2.74E-09
0.01104	-2.73E-09
0.01106	-2.71E-09
0.01108	-2.70E-09
0.0111	-2.69E-09
0.01112	-2.68E-09
0.01114	-2.66E-09
0.01116	-2.65E-09
0.01118	-2.64E-09
0.0112	-2.63E-09
0.01122	-2.62E-09
0.01124	-2.61E-09
0.01126	-2.61E-09
0.01128	-2.60E-09
0.0113	-2.60E-09
0.01132	-2.59E-09
0.01134	-2.60E-09
0.01136	-2.59E-09
0.01138	-2.59E-09
0.0114	-2.60E-09
0.01142	-2.60E-09
0.01144	-2.60E-09
0.01146	-2.60E-09
0.01148	-2.60E-09
0.0115	-2.60E-09
0.01152	-2.61E-09
0.01154	-2.60E-09
0.01156	-2.59E-09
0.01158	-2.58E-09
0.0116	-2.57E-09
0.01162	-2.56E-09
0.01164	-2.55E-09
0.01166	-2.53E-09
0.01168	-2.52E-09
0.0117	-2.51E-09
0.01172	-2.50E-09
0.01174	-2.49E-09
0.01176	-2.49E-09
0.01178	-2.49E-09
0.0118	-2.49E-09
0.01182	-2.48E-09
0.01184	-2.48E-09
0.01186	-2.47E-09
0.01188	-2.46E-09
0.0119	-2.46E-09
0.01192	-2.44E-09
0.01194	-2.43E-09
0.01196	-2.42E-09
0.01198	-2.41E-09
0.012	-2.40E-09
0.01202	-2.40E-09
0.01204	-2.40E-09
0.01206	-2.40E-09
0.01208	-2.41E-09
0.0121	-2.41E-09
0.01212	-2.41E-09
0.01214	-2.41E-09
0.01216	-2.41E-09
0.01218	-2.40E-09
0.0122	-2.39E-09
0.01222	-2.38E-09
0.01224	-2.37E-09
0.01226	-2.37E-09
0.01228	-2.36E-09
0.0123	-2.37E-09
0.01232	-2.37E-09
0.01234	-2.38E-09
0.01236	-2.39E-09
0.01238	-2.40E-09
0.0124	-2.40E-09
0.01242	-2.40E-09
0.01244	-2.40E-09
0.01246	-2.40E-09
0.01248	-2.41E-09
0.0125	-2.40E-09
0.01252	-2.40E-09
0.01254	-2.39E-09
0.01256	-2.38E-09
0.01258	-2.37E-09
0.0126	-2.38E-09
0.01262	-2.38E-09
0.01264	-2.37E-09
0.01266	-2.36E-09
0.01268	-2.35E-09
0.0127	-2.34E-09
0.01272	-2.33E-09
0.01274	-2.32E-09
0.01276	-2.31E-09
0.01278	-2.29E-09
0.0128	-2.28E-09
0.01282	-2.27E-09
0.01284	-2.26E-09
0.01286	-2.26E-09
0.01288	-2.27E-09
0.0129	-2.27E-09
0.01292	-2.27E-09
0.01294	-2.27E-09
0.01296	-2.27E-09
0.01298	-2.26E-09
0.013	-2.25E-09
0.01302	-2.25E-09
0.01304	-2.24E-09
0.01306	-2.23E-09
0.01308	-2.22E-09
0.0131	-2.21E-09
0.01312	-2.21E-09
0.01314	-2.20E-09
0.01316	-2.19E-09
0.01318	-2.19E-09
0.0132	-2.19E-09
0.01322	-2.19E-09
0.01324	-2.19E-09
0.01326	-2.20E-09
0.01328	-2.20E-09
0.0133	-2.20E-09
0.01332	-2.20E-09
0.01334	-2.20E-09
0.01336	-2.20E-09
0.01338	-2.20E-09
0.0134	-2.19E-09
0.01342	-2.19E-09
0.01344	-2.18E-09
0.01346	-2.17E-09
0.01348	-2.17E-09
0.0135	-2.17E-09
0.01352	-2.18E-09
0.01354	-2.18E-09
0.01356	-2.19E-09
0.01358	-2.19E-09
0.0136	-2.19E-09
0.01362	-2.19E-09
0.01364	-2.18E-09
0.01366	-2.17E-09
0.01368	-2.16E-09
0.0137	-2.16E-09
0.01372	-2.16E-09
0.01374	-2.16E-09
0.01376	-2.17E-09
0.01378	-2.17E-09
0.0138	-2.17E-09
0.01382	-2.17E-09
0.01384	-2.16E-09
0.01386	-2.16E-09
0.01388	-2.16E-09
0.0139	-2.16E-09
0.01392	-2.16E-09
0.01394	-2.16E-09
0.01396	-2.16E-09
0.01398	-2.16E-09
0.014	-2.17E-09
0.01402	-2.17E-09
0.01404	-2.16E-09
0.01406	-2.16E-09
0.01408	-2.16E-09
0.0141	-2.16E-09
0.01412	-2.16E-09
0.01414	-2.16E-09
0.01416	-2.16E-09
0.01418	-2.16E-09
0.0142	-2.16E-09
0.01422	-2.16E-09
0.01424	-2.15E-09
0.01426	-2.16E-09
0.01428	-2.16E-09
0.0143	-2.16E-09
0.01432	-2.15E-09
0.01434	-2.14E-09
0.01436	-2.13E-09
0.01438	-2.12E-09
0.0144	-2.12E-09
0.01442	-2.10E-09
0.01444	-2.09E-09
0.01446	-2.09E-09
0.01448	-2.08E-09
0.0145	-2.08E-09
0.01452	-2.09E-09
0.01454	-2.09E-09
0.01456	-2.08E-09
0.01458	-2.08E-09
0.0146	-2.07E-09
0.01462	-2.06E-09
0.01464	-2.06E-09
0.01466	-2.06E-09
0.01468	-2.06E-09
0.0147	-2.06E-09
0.01472	-2.06E-09
0.01474	-2.06E-09
0.01476	-2.07E-09
0.01478	-2.07E-09
0.0148	-2.08E-09
0.01482	-2.08E-09
0.01484	-2.08E-09
0.01486	-2.07E-09
0.01488	-2.07E-09
0.0149	-2.08E-09
0.01492	-2.07E-09
0.01494	-2.06E-09
0.01496	-2.06E-09
0.01498	-2.05E-09
0.015	-2.05E-09
0.01502	-2.05E-09
0.01504	-2.04E-09
0.01506	-2.05E-09
0.01508	-2.05E-09
0.0151	-2.06E-09
0.01512	-2.06E-09
0.01514	-2.06E-09
0.01516	-2.06E-09
0.01518	-2.06E-09
0.0152	-2.06E-09
0.01522	-2.06E-09
0.01524	-2.06E-09
0.01526	-2.05E-09
0.01528	-2.05E-09
0.0153	-2.04E-09
0.01532	-2.03E-09
0.01534	-2.03E-09
0.01536	-2.04E-09
0.01538	-2.03E-09
0.0154	-2.02E-09
0.01542	-2.02E-09
0.01544	-2.02E-09
0.01546	-2.02E-09
0.01548	-2.02E-09
0.0155	-2.02E-09
0.01552	-2.03E-09
0.01554	-2.03E-09
0.01556	-2.03E-09
0.01558	-2.03E-09
0.0156	-2.02E-09
0.01562	-2.01E-09
0.01564	-2.01E-09
0.01566	-2.00E-09
0.01568	-2.00E-09
0.0157	-2.00E-09
0.01572	-2.00E-09
0.01574	-2.00E-09
0.01576	-1.99E-09
0.01578	-1.99E-09
0.0158	-1.98E-09
0.01582	-1.98E-09
0.01584	-1.97E-09
0.01586	-1.96E-09
0.01588	-1.95E-09
0.0159	-1.94E-09
0.01592	-1.93E-09
0.01594	-1.93E-09
0.01596	-1.94E-09
0.01598	-1.94E-09
0.016	-1.94E-09
0.01602	-1.95E-09
0.01604	-1.96E-09
0.01606	-1.96E-09
0.01608	-1.97E-09
0.0161	-1.97E-09
0.01612	-1.98E-09
0.01614	-1.98E-09
0.01616	-1.98E-09
0.01618	-1.99E-09
0.0162	-1.98E-09
0.01622	-1.98E-09
0.01624	-1.98E-09
0.01626	-1.97E-09
0.01628	-1.96E-09
0.0163	-1.95E-09
0.01632	-1.95E-09
0.01634	-1.94E-09
0.01636	-1.94E-09
0.01638	-1.94E-09
0.0164	-1.94E-09
0.01642	-1.95E-09
0.01644	-1.95E-09
0.01646	-1.96E-09
0.01648	-1.97E-09
0.0165	-1.98E-09
0.01652	-1.97E-09
0.01654	-1.96E-09
0.01656	-1.95E-09
0.01658	-1.95E-09
0.0166	-1.94E-09
0.01662	-1.94E-09
0.01664	-1.95E-09
0.01666	-1.95E-09
0.01668	-1.95E-09
0.0167	-1.95E-09
0.01672	-1.95E-09
0.01674	-1.95E-09
0.01676	-1.93E-09
0.01678	-1.92E-09
0.0168	-1.92E-09
0.01682	-1.92E-09
0.01684	-1.92E-09
0.01686	-1.93E-09
0.01688	-1.93E-09
0.0169	-1.92E-09
0.01692	-1.92E-09
0.01694	-1.92E-09
0.01696	-1.92E-09
0.01698	-1.92E-09
0.017	-1.93E-09
0.01702	-1.93E-09
0.01704	-1.94E-09
0.01706	-1.93E-09
0.01708	-1.93E-09
0.0171	-1.92E-09
0.01712	-1.91E-09
0.01714	-1.91E-09
0.01716	-1.91E-09
0.01718	-1.91E-09
0.0172	-1.90E-09
0.01722	-1.90E-09
0.01724	-1.89E-09
0.01726	-1.90E-09
0.01728	-1.89E-09
0.0173	-1.89E-09
0.01732	-1.88E-09
0.01734	-1.88E-09
0.01736	-1.88E-09
0.01738	-1.89E-09
0.0174	-1.89E-09
0.01742	-1.89E-09
0.01744	-1.89E-09
0.01746	-1.89E-09
0.01748	-1.90E-09
0.0175	-1.90E-09
0.01752	-1.90E-09
0.01754	-1.90E-09
0.01756	-1.89E-09
0.01758	-1.89E-09
0.0176	-1.89E-09
0.01762	-1.88E-09
0.01764	-1.88E-09
0.01766	-1.87E-09
0.01768	-1.87E-09
0.0177	-1.86E-09
0.01772	-1.86E-09
0.01774	-1.85E-09
0.01776	-1.85E-09
0.01778	-1.85E-09
0.0178	-1.85E-09
0.01782	-1.85E-09
0.01784	-1.87E-09
0.01786	-1.88E-09
0.01788	-1.88E-09
0.0179	-1.89E-09
0.01792	-1.88E-09
0.01794	-1.88E-09
0.01796	-1.88E-09
0.01798	-1.87E-09
0.018	-1.86E-09
0.01802	-1.86E-09
0.01804	-1.86E-09
0.01806	-1.86E-09
0.01808	-1.86E-09
0.0181	-1.86E-09
0.01812	-1.86E-09
0.01814	-1.87E-09
0.01816	-1.88E-09
0.01818	-1.90E-09
0.0182	-1.91E-09
0.01822	-1.91E-09
0.01824	-1.92E-09
0.01826	-1.91E-09
0.01828	-1.90E-09
0.0183	-1.90E-09
0.01832	-1.90E-09
0.01834	-1.89E-09
0.01836	-1.88E-09
0.01838	-1.88E-09
0.0184	-1.87E-09
0.01842	-1.86E-09
0.01844	-1.86E-09
0.01846	-1.86E-09
0.01848	-1.86E-09
0.0185	-1.86E-09
0.01852	-1.87E-09
0.01854	-1.87E-09
0.01856	-1.88E-09
0.01858	-1.88E-09
0.0186	-1.87E-09
0.01862	-1.87E-09
0.01864	-1.86E-09
0.01866	-1.86E-09
0.01868	-1.85E-09
0.0187	-1.85E-09
0.01872	-1.85E-09
0.01874	-1.85E-09
0.01876	-1.85E-09
0.01878	-1.85E-09
0.0188	-1.85E-09
0.01882	-1.84E-09
0.01884	-1.84E-09
0.01886	-1.83E-09
0.01888	-1.82E-09
0.0189	-1.82E-09
0.01892	-1.82E-09
0.01894	-1.82E-09
0.01896	-1.83E-09
0.01898	-1.83E-09
0.019	-1.84E-09
0.01902	-1.85E-09
0.01904	-1.84E-09
0.01906	-1.84E-09
0.01908	-1.84E-09
0.0191	-1.84E-09
0.01912	-1.84E-09
0.01914	-1.83E-09
0.01916	-1.83E-09
0.01918	-1.83E-09
0.0192	-1.83E-09
0.01922	-1.83E-09
0.01924	-1.83E-09
0.01926	-1.82E-09
0.01928	-1.82E-09
0.0193	-1.82E-09
0.01932	-1.82E-09
0.01934	-1.82E-09
0.01936	-1.82E-09
0.01938	-1.82E-09
0.0194	-1.82E-09
0.01942	-1.82E-09
0.01944	-1.82E-09
0.01946	-1.82E-09
0.01948	-1.82E-09
0.0195	-1.82E-09
0.01952	-1.81E-09
0.01954	-1.81E-09
0.01956	-1.81E-09
0.01958	-1.80E-09
0.0196	-1.79E-09
0.01962	-1.79E-09
0.01964	-1.79E-09
0.01966	-1.80E-09
0.01968	-1.80E-09
0.0197	-1.80E-09
0.01972	-1.81E-09
0.01974	-1.81E-09
0.01976	-1.81E-09
0.01978	-1.81E-09
0.0198	-1.81E-09
0.01982	-1.81E-09
0.01984	-1.81E-09
0.01986	-1.81E-09
0.01988	-1.81E-09
0.0199	-1.81E-09
0.01992	-1.82E-09
0.01994	-1.82E-09
0.01996	-1.82E-09
0.01998	-1.83E-09
0.02	-1.83E-09
0.02002	-1.82E-09
0.02004	-1.82E-09
0.02006	-1.82E-09
0.02008	-1.82E-09
0.0201	-1.82E-09
0.02012	-1.81E-09
0.02014	-1.81E-09
0.02016	-1.82E-09
0.02018	-1.82E-09
0.0202	-1.83E-09
0.02022	-1.83E-09
0.02024	-1.83E-09
0.02026	-1.83E-09
0.02028	-1.83E-09
0.0203	-1.84E-09
0.02032	-1.84E-09
0.02034	-1.83E-09
0.02036	-1.83E-09
0.02038	-1.82E-09
0.0204	-1.81E-09
0.02042	-1.81E-09
0.02044	-1.81E-09
0.02046	-1.81E-09
0.02048	-1.80E-09
0.0205	-1.80E-09
0.02052	-1.79E-09
0.02054	-1.79E-09
0.02056	-1.79E-09
0.02058	-1.78E-09
0.0206	-1.78E-09
0.02062	-1.78E-09
0.02064	-1.79E-09
0.02066	-1.79E-09
0.02068	-1.79E-09
0.0207	-1.80E-09
0.02072	-1.81E-09
0.02074	-1.82E-09
0.02076	-1.83E-09
0.02078	-1.83E-09
0.0208	-1.83E-09
0.02082	-1.83E-09
0.02084	-1.82E-09
0.02086	-1.82E-09
0.02088	-1.82E-09
0.0209	-1.82E-09
0.02092	-1.81E-09
0.02094	-1.81E-09
0.02096	-1.81E-09
0.02098	-1.81E-09
0.021	-1.81E-09
0.02102	-1.80E-09
0.02104	-1.79E-09
0.02106	-1.77E-09
0.02108	-1.77E-09
0.0211	-1.77E-09
0.02112	-1.77E-09
0.02114	-1.78E-09
0.02116	-1.78E-09
0.02118	-1.79E-09
0.0212	-1.79E-09
0.02122	-1.79E-09
0.02124	-1.79E-09
0.02126	-1.79E-09
0.02128	-1.79E-09
0.0213	-1.79E-09
0.02132	-1.80E-09
0.02134	-1.80E-09
0.02136	-1.80E-09
0.02138	-1.78E-09
0.0214	-1.77E-09
0.02142	-1.77E-09
0.02144	-1.78E-09
0.02146	-1.79E-09
0.02148	-1.80E-09
0.0215	-1.81E-09
0.02152	-1.82E-09
0.02154	-1.83E-09
0.02156	-1.83E-09
0.02158	-1.83E-09
0.0216	-1.83E-09
0.02162	-1.82E-09
0.02164	-1.81E-09
0.02166	-1.81E-09
0.02168	-1.80E-09
0.0217	-1.80E-09
0.02172	-1.80E-09
0.02174	-1.79E-09
0.02176	-1.78E-09
0.02178	-1.77E-09
0.0218	-1.76E-09
0.02182	-1.76E-09
0.02184	-1.76E-09
0.02186	-1.75E-09
