[12.736161095498469, -34.54622996174131, 8.900740222153356, 0.47113953995972874, 0.12769067385859378, -44.29455370612965, -46.16743615233736, 0.46303558430016944, 0.9933132196518781, 0.02061509817874656, 0.00923614306106133, 2.989060938752174, 0.010090574179536292, 0.030929890657572654, -42.38934340146812, 13.721957738090566, -63.634059870601924, 0.0003751671632243489, 12.725782871654546, 0.1622502914624947, 10.030324882064976, -59.43181236396654, 2.2839397135144353, 50.0084471794889]
gen	nevals	avg    	std    	min    	max    
1  	100   	18755.6	157.656	18429.9	19277.4


[12.736161095498469, -34.54622996174131, 8.900740222153356, 0.47113953995972874, 0.12769067385859378, -44.29455370612965, -46.16743615233736, 0.46303558430016944, 0.9933132196518781, 0.02061509817874656, 0.00923614306106133, 2.989060938752174, 0.010090574179536292, 0.030929890657572654, -42.38934340146812, 13.721957738090566, -63.634059870601924, 0.0003751671632243489, 12.725782871654546, 0.1622502914624947, 10.030324882064976, -59.43181236396654, 2.2839397135144353, 50.0084471794889]
gen	nevals	avg    	std    	min    	max        
1  	100   	18755.6	157.656	18429.9	19277.4    
2  	100   	29483.3	106658 	18429.9	1.09073e+06


[12.736161095498469, -34.54622996174131, 8.900740222153356, 0.47113953995972874, 0.12769067385859378, -44.29455370612965, -46.16743615233736, 0.46303558430016944, 0.9933132196518781, 0.02061509817874656, 0.00923614306106133, 2.989060938752174, 0.010090574179536292, 0.030929890657572654, -42.38934340146812, 13.721957738090566, -63.634059870601924, 0.0003751671632243489, 12.725782871654546, 0.1622502914624947, 10.030324882064976, -59.43181236396654, 2.2839397135144353, 50.0084471794889]
gen	nevals	avg    	std    	min    	max        
1  	100   	18755.6	157.656	18429.9	19277.4    
2  	100   	29483.3	106658 	18429.9	1.09073e+06
3  	100   	29438.1	106664 	18496.2	1.09073e+06


[12.736161095498469, -34.54622996174131, 8.900740222153356, 0.47113953995972874, 0.12769067385859378, -44.29455370612965, -46.16743615233736, 0.46303558430016944, 0.9933132196518781, 0.02061509817874656, 0.00923614306106133, 2.989060938752174, 0.010090574179536292, 0.030929890657572654, -42.38934340146812, 13.721957738090566, -63.634059870601924, 0.0003751671632243489, 12.725782871654546, 0.1622502914624947, 10.030324882064976, -59.43181236396654, 2.2839397135144353, 50.0084471794889]
[12.736161095498469, -34.54622996174131, 8.900740222153356, 0.47113953995972874, 0.12769067385859378, -44.29455370612965, -46.16743615233736, 0.46303558430016944, 0.9933132196518781, 0.02061509817874656, 0.00923614306106133, 2.989060938752174, 0.010090574179536292, 0.030929890657572654, -42.38934340146812, 13.721957738090566, -63.634059870601924, 0.0003751671632243489, 12.725782871654546, 0.1622502914624947, 10.030324882064976, -59.43181236396654, 2.2839397135144353, 50.0084471794889]












[12.736161095498469, -34.54622996174131, 8.900740222153356, 0.47113953995972874, 0.12769067385859378, -44.29455370612965, -46.16743615233736, 0.46303558430016944, 0.9933132196518781, 0.02061509817874656, 0.00923614306106133, 2.989060938752174, 0.010090574179536292, 0.030929890657572654, -42.38934340146812, 13.721957738090566, -63.634059870601924, 0.0003751671632243489, 12.725782871654546, 0.1622502914624947, 10.030324882064976, -59.43181236396654, 2.2839397135144353, 50.0084471794889]
[12.736161095498469, -34.54622996174131, 8.900740222153356, 0.47113953995972874, 0.12769067385859378, -44.29455370612965, -46.16743615233736, 0.46303558430016944, 0.9933132196518781, 0.02061509817874656, 0.00923614306106133, 2.989060938752174, 0.010090574179536292, 0.030929890657572654, -42.38934340146812, 13.721957738090566, -63.634059870601924, 0.0003751671632243489, 12.725782871654546, 0.1622502914624947, 10.030324882064976, -59.43181236396654, 2.2839397135144353, 50.0084471794889]
gen	nevals	avg    	std    	min    	max    
1  	100   	18755.6	157.656	18429.9	19277.4


[12.736161095498469, -34.54622996174131, 8.900740222153356, 0.47113953995972874, 0.12769067385859378, -44.29455370612965, -46.16743615233736, 0.46303558430016944, 0.9933132196518781, 0.02061509817874656, 0.00923614306106133, 2.989060938752174, 0.010090574179536292, 0.030929890657572654, -42.38934340146812, 13.721957738090566, -63.634059870601924, 0.0003751671632243489, 12.725782871654546, 0.1622502914624947, 10.030324882064976, -59.43181236396654, 2.2839397135144353, 50.0084471794889]
gen	nevals	avg    	std    	min    	max        
1  	100   	18755.6	157.656	18429.9	19277.4    
2  	100   	29483.3	106658 	18429.9	1.09073e+06


[12.736161095498469, -34.54622996174131, 8.900740222153356, 0.47113953995972874, 0.12769067385859378, -44.29455370612965, -46.16743615233736, 0.46303558430016944, 0.9933132196518781, 0.02061509817874656, 0.00923614306106133, 2.989060938752174, 0.010090574179536292, 0.030929890657572654, -42.38934340146812, 13.721957738090566, -63.634059870601924, 0.0003751671632243489, 12.725782871654546, 0.1622502914624947, 10.030324882064976, -59.43181236396654, 2.2839397135144353, 50.0084471794889]
gen	nevals	avg    	std    	min    	max        
1  	100   	18755.6	157.656	18429.9	19277.4    
2  	100   	29483.3	106658 	18429.9	1.09073e+06
3  	100   	29438.1	106664 	18496.2	1.09073e+06


[12.736161095498469, -34.54622996174131, 8.900740222153356, 0.47113953995972874, 0.12769067385859378, -44.29455370612965, -46.16743615233736, 0.46303558430016944, 0.9933132196518781, 0.02061509817874656, 0.00923614306106133, 2.989060938752174, 0.010090574179536292, 0.030929890657572654, -42.38934340146812, 13.721957738090566, -63.634059870601924, 0.0003751671632243489, 12.725782871654546, 0.1622502914624947, 10.030324882064976, -59.43181236396654, 2.2839397135144353, 50.0084471794889]
gen	nevals	avg    	std    	min    	max        
1  	100   	18755.6	157.656	18429.9	19277.4    
2  	100   	29483.3	106658 	18429.9	1.09073e+06
3  	100   	29438.1	106664 	18496.2	1.09073e+06
4  	100   	45506  	167370 	18462.3	1.09074e+06


[12.736161095498469, -34.54622996174131, 8.900740222153356, 0.47113953995972874, 0.12769067385859378, -44.29455370612965, -46.16743615233736, 0.46303558430016944, 0.9933132196518781, 0.02061509817874656, 0.00923614306106133, 2.989060938752174, 0.010090574179536292, 0.030929890657572654, -42.38934340146812, 13.721957738090566, -63.634059870601924, 0.0003751671632243489, 12.725782871654546, 0.1622502914624947, 10.030324882064976, -59.43181236396654, 2.2839397135144353, 50.0084471794889]
gen	nevals	avg    	std    	min    	max        
1  	100   	18755.6	157.656	18429.9	19277.4    
2  	100   	29483.3	106658 	18429.9	1.09073e+06
3  	100   	29438.1	106664 	18496.2	1.09073e+06
4  	100   	45506  	167370 	18462.3	1.09074e+06
5  	100   	141987 	342012 	18462.3	1.09134e+06


[10.06690313251521, -31.562073777553422, 3.9297723293240256, 0.4798786623305549, 0.12622452060897638, -46.83470845758933, -45.68234377107592, 0.8211947451257695, 2.5171769008446914, 0.019379801736362865, 0.010251773010675959, 0.6625181100086306, 0.01094609966247002, 0.02988715311261167, -40.86854994796716, 11.14660237026133, -58.937400956043916, 0.00026789281410519915, 12.265923229048832, 0.12772394832739714, 6.380979932387934, -55.8425023376434, 0.6108976833344886, 57.513763114866315]
gen	nevals	avg    	std    	min    	max    
1  	100   	304.869	154.808	64.1333	721.705


[11.20006100848342, -32.267737323039604, 4.070372186606046, 0.42495312869587776, 0.1265328066673459, -46.817546325177865, -48.842888528691084, 0.8922991433505162, 1.6685081616001012, 0.019487884980334446, 0.010481500854405449, 3.553390133579808, 0.009420335770582839, 0.02949393902477238, -41.33416919339728, 6.174265637288129, -60.97044697073535, 0.00022264036828422326, 7.118670146073957, 0.25319220014701693, 13.465377718738697, -60.91186068336202, 5.989191927484982, 51.3843028663016]
gen	nevals	avg    	std    	min    	max        
1  	100   	304.869	154.808	64.1333	721.705    
2  	100   	11397.8	110288 	56.3604	1.10875e+06


[10.165473947229993, -31.05208619799176, 4.334052677427112, 0.3493663608362806, 0.12243056221468192, -42.13852287213427, -42.669616042896216, 0.8211947451257695, 0.9746499539065133, 0.02081859907776471, 0.010579674091249559, 2.5426515398373195, 0.010919278896009604, 0.02960542303330072, -40.98993821285139, 13.895209969000064, -58.95260476559965, 0.00023151032030107013, 13.579837168386357, 0.15240544974561182, 11.435901555380058, -55.8425023376434, 0.6108976833344886, 59.59659122495481]
gen	nevals	avg    	std    	min    	max        
1  	100   	304.869	154.808	64.1333	721.705    
2  	100   	11397.8	110288 	56.3604	1.10875e+06
3  	100   	27909.9	173072 	43.188 	1.10875e+06


[12.99747380739703, -31.256142380866017, 3.7597942702790443, 0.35876130010761864, 0.12796491516472458, -46.9861091280831, -46.778446117117284, 0.9885248463409279, 2.914968471932119, 0.019278252318042942, 0.010467541400328479, 3.3762874069281996, 0.010171907926490618, 0.0303907763079414, -40.03233261320854, 13.636089883151987, -55.28792471803719, 0.00040169709512705696, 16.238870307543642, 0.20967218529708684, 5.782226096571499, -55.7082308632324, 6.072534663013338, 59.99522235636227]
gen	nevals	avg    	std    	min    	max        
1  	100   	304.869	154.808	64.1333	721.705    
2  	100   	11397.8	110288 	56.3604	1.10875e+06
3  	100   	27909.9	173072 	43.188 	1.10875e+06
4  	100   	50035.5	229816 	8.27277	1.10875e+06


[12.99747380739703, -31.256142380866017, 3.7597942702790443, 0.35876130010761864, 0.12796491516472458, -46.9861091280831, -46.778446117117284, 0.9885248463409279, 2.914968471932119, 0.019278252318042942, 0.010467541400328479, 3.3762874069281996, 0.010171907926490618, 0.0303907763079414, -40.03233261320854, 13.636089883151987, -55.28792471803719, 0.00040169709512705696, 16.238870307543642, 0.20967218529708684, 5.782226096571499, -55.7082308632324, 6.072534663013338, 59.99522235636227]
gen	nevals	avg    	std    	min    	max        
1  	100   	304.869	154.808	64.1333	721.705    
2  	100   	11397.8	110288 	56.3604	1.10875e+06
3  	100   	27909.9	173072 	43.188 	1.10875e+06
4  	100   	50035.5	229816 	8.27277	1.10875e+06
5  	100   	88513.5	318573 	23.7838	2.15743e+06


[12.99747380739703, -31.256142380866017, 3.7597942702790443, 0.35876130010761864, 0.12796491516472458, -46.9861091280831, -46.778446117117284, 0.9885248463409279, 2.914968471932119, 0.019278252318042942, 0.010467541400328479, 3.3762874069281996, 0.010171907926490618, 0.0303907763079414, -40.03233261320854, 13.636089883151987, -55.28792471803719, 0.00040169709512705696, 16.238870307543642, 0.20967218529708684, 5.782226096571499, -55.7082308632324, 6.072534663013338, 59.99522235636227]
gen	nevals	avg    	std    	min    	max        
1  	100   	304.869	154.808	64.1333	721.705    
2  	100   	11397.8	110288 	56.3604	1.10875e+06
3  	100   	27909.9	173072 	43.188 	1.10875e+06
4  	100   	50035.5	229816 	8.27277	1.10875e+06
5  	100   	88513.5	318573 	23.7838	2.15743e+06
6  	100   	27494.7	202377 	18.2328	2.15743e+06


[12.99747380739703, -31.256142380866017, 3.7597942702790443, 0.35876130010761864, 0.12796491516472458, -46.9861091280831, -46.778446117117284, 0.9885248463409279, 2.914968471932119, 0.019278252318042942, 0.010467541400328479, 3.3762874069281996, 0.010171907926490618, 0.0303907763079414, -40.03233261320854, 13.636089883151987, -55.28792471803719, 0.00040169709512705696, 16.238870307543642, 0.20967218529708684, 5.782226096571499, -55.7082308632324, 6.072534663013338, 59.99522235636227]
gen	nevals	avg    	std    	min    	max        
1  	100   	304.869	154.808	64.1333	721.705    
2  	100   	11397.8	110288 	56.3604	1.10875e+06
3  	100   	27909.9	173072 	43.188 	1.10875e+06
4  	100   	50035.5	229816 	8.27277	1.10875e+06
5  	100   	88513.5	318573 	23.7838	2.15743e+06
6  	100   	27494.7	202377 	18.2328	2.15743e+06
7  	100   	49957.8	229837 	18.2328	1.10885e+06


[12.99747380739703, -31.256142380866017, 3.7597942702790443, 0.35876130010761864, 0.12796491516472458, -46.9861091280831, -46.778446117117284, 0.9885248463409279, 2.914968471932119, 0.019278252318042942, 0.010467541400328479, 3.3762874069281996, 0.010171907926490618, 0.0303907763079414, -40.03233261320854, 13.636089883151987, -55.28792471803719, 0.00040169709512705696, 16.238870307543642, 0.20967218529708684, 5.782226096571499, -55.7082308632324, 6.072534663013338, 59.99522235636227]
gen	nevals	avg    	std    	min    	max        
1  	100   	304.869	154.808	64.1333	721.705    
2  	100   	11397.8	110288 	56.3604	1.10875e+06
3  	100   	27909.9	173072 	43.188 	1.10875e+06
4  	100   	50035.5	229816 	8.27277	1.10875e+06
5  	100   	88513.5	318573 	23.7838	2.15743e+06
6  	100   	27494.7	202377 	18.2328	2.15743e+06
7  	100   	49957.8	229837 	18.2328	1.10885e+06
8  	100   	33334.9	189122 	18.2328	1.10873e+06


[12.99747380739703, -31.256142380866017, 3.7597942702790443, 0.35876130010761864, 0.12796491516472458, -46.9861091280831, -46.778446117117284, 0.9885248463409279, 2.914968471932119, 0.019278252318042942, 0.010467541400328479, 3.3762874069281996, 0.010171907926490618, 0.0303907763079414, -40.03233261320854, 13.636089883151987, -55.28792471803719, 0.00040169709512705696, 16.238870307543642, 0.20967218529708684, 5.782226096571499, -55.7082308632324, 6.072534663013338, 59.99522235636227]
gen	nevals	avg    	std    	min    	max        
1  	100   	304.869	154.808	64.1333	721.705    
2  	100   	11397.8	110288 	56.3604	1.10875e+06
3  	100   	27909.9	173072 	43.188 	1.10875e+06
4  	100   	50035.5	229816 	8.27277	1.10875e+06
5  	100   	88513.5	318573 	23.7838	2.15743e+06
6  	100   	27494.7	202377 	18.2328	2.15743e+06
7  	100   	49957.8	229837 	18.2328	1.10885e+06
8  	100   	33334.9	189122 	18.2328	1.10873e+06
9  	100   	5634.08	78196.3	28.5541	1.10873e+06


[12.99747380739703, -31.256142380866017, 3.7597942702790443, 0.35876130010761864, 0.12796491516472458, -46.9861091280831, -46.778446117117284, 0.9885248463409279, 2.914968471932119, 0.019278252318042942, 0.010467541400328479, 3.3762874069281996, 0.010171907926490618, 0.0303907763079414, -40.03233261320854, 13.636089883151987, -55.28792471803719, 0.00040169709512705696, 16.238870307543642, 0.20967218529708684, 5.782226096571499, -55.7082308632324, 6.072534663013338, 59.99522235636227]
gen	nevals	avg    	std    	min    	max        
1  	100   	304.869	154.808	64.1333	721.705    
2  	100   	11397.8	110288 	56.3604	1.10875e+06
3  	100   	27909.9	173072 	43.188 	1.10875e+06
4  	100   	50035.5	229816 	8.27277	1.10875e+06
5  	100   	88513.5	318573 	23.7838	2.15743e+06
6  	100   	27494.7	202377 	18.2328	2.15743e+06
7  	100   	49957.8	229837 	18.2328	1.10885e+06
8  	100   	33334.9	189122 	18.2328	1.10873e+06
9  	100   	5634.08	78196.3	28.5541	1.10873e+06
10 	100   	5661.43	78195  	26.3727	1.10874e+06


[12.99747380739703, -31.256142380866017, 3.7597942702790443, 0.35876130010761864, 0.12796491516472458, -46.9861091280831, -46.778446117117284, 0.9885248463409279, 2.914968471932119, 0.019278252318042942, 0.010467541400328479, 3.3762874069281996, 0.010171907926490618, 0.0303907763079414, -40.03233261320854, 13.636089883151987, -55.28792471803719, 0.00040169709512705696, 16.238870307543642, 0.20967218529708684, 5.782226096571499, -55.7082308632324, 6.072534663013338, 59.99522235636227]
gen	nevals	avg    	std    	min    	max        
1  	100   	304.869	154.808	64.1333	721.705    
2  	100   	11397.8	110288 	56.3604	1.10875e+06
3  	100   	27909.9	173072 	43.188 	1.10875e+06
4  	100   	50035.5	229816 	8.27277	1.10875e+06
5  	100   	88513.5	318573 	23.7838	2.15743e+06
6  	100   	27494.7	202377 	18.2328	2.15743e+06
7  	100   	49957.8	229837 	18.2328	1.10885e+06
8  	100   	33334.9	189122 	18.2328	1.10873e+06
9  	100   	5634.08	78196.3	28.5541	1.10873e+06
10 	100   	5661.43	78195  	26.3727	1.10874e+06
11 	100   	11230.4	110303 	23.5273	1.10873e+06


[12.99747380739703, -31.256142380866017, 3.7597942702790443, 0.35876130010761864, 0.12796491516472458, -46.9861091280831, -46.778446117117284, 0.9885248463409279, 2.914968471932119, 0.019278252318042942, 0.010467541400328479, 3.3762874069281996, 0.010171907926490618, 0.0303907763079414, -40.03233261320854, 13.636089883151987, -55.28792471803719, 0.00040169709512705696, 16.238870307543642, 0.20967218529708684, 5.782226096571499, -55.7082308632324, 6.072534663013338, 59.99522235636227]
gen	nevals	avg    	std    	min    	max        
1  	100   	304.869	154.808	64.1333	721.705    
2  	100   	11397.8	110288 	56.3604	1.10875e+06
3  	100   	27909.9	173072 	43.188 	1.10875e+06
4  	100   	50035.5	229816 	8.27277	1.10875e+06
5  	100   	88513.5	318573 	23.7838	2.15743e+06
6  	100   	27494.7	202377 	18.2328	2.15743e+06
7  	100   	49957.8	229837 	18.2328	1.10885e+06
8  	100   	33334.9	189122 	18.2328	1.10873e+06
9  	100   	5634.08	78196.3	28.5541	1.10873e+06
10 	100   	5661.43	78195  	26.3727	1.10874e+06
11 	100   	11230.4	110303 	23.5273	1.10873e+06
12 	100   	22335.4	155206 	24.9165	1.10892e+06


[12.99747380739703, -31.256142380866017, 3.7597942702790443, 0.35876130010761864, 0.12796491516472458, -46.9861091280831, -46.778446117117284, 0.9885248463409279, 2.914968471932119, 0.019278252318042942, 0.010467541400328479, 3.3762874069281996, 0.010171907926490618, 0.0303907763079414, -40.03233261320854, 13.636089883151987, -55.28792471803719, 0.00040169709512705696, 16.238870307543642, 0.20967218529708684, 5.782226096571499, -55.7082308632324, 6.072534663013338, 59.99522235636227]
gen	nevals	avg    	std    	min    	max        
1  	100   	304.869	154.808	64.1333	721.705    
2  	100   	11397.8	110288 	56.3604	1.10875e+06
3  	100   	27909.9	173072 	43.188 	1.10875e+06
4  	100   	50035.5	229816 	8.27277	1.10875e+06
5  	100   	88513.5	318573 	23.7838	2.15743e+06
6  	100   	27494.7	202377 	18.2328	2.15743e+06
7  	100   	49957.8	229837 	18.2328	1.10885e+06
8  	100   	33334.9	189122 	18.2328	1.10873e+06
9  	100   	5634.08	78196.3	28.5541	1.10873e+06
10 	100   	5661.43	78195  	26.3727	1.10874e+06
11 	100   	11230.4	110303 	23.5273	1.10873e+06
12 	100   	22335.4	155206 	24.9165	1.10892e+06
13 	100   	38685  	202212 	27.605 	1.10874e+06


[12.99747380739703, -31.256142380866017, 3.7597942702790443, 0.35876130010761864, 0.12796491516472458, -46.9861091280831, -46.778446117117284, 0.9885248463409279, 2.914968471932119, 0.019278252318042942, 0.010467541400328479, 3.3762874069281996, 0.010171907926490618, 0.0303907763079414, -40.03233261320854, 13.636089883151987, -55.28792471803719, 0.00040169709512705696, 16.238870307543642, 0.20967218529708684, 5.782226096571499, -55.7082308632324, 6.072534663013338, 59.99522235636227]
gen	nevals	avg    	std    	min    	max        
1  	100   	304.869	154.808	64.1333	721.705    
2  	100   	11397.8	110288 	56.3604	1.10875e+06
3  	100   	27909.9	173072 	43.188 	1.10875e+06
4  	100   	50035.5	229816 	8.27277	1.10875e+06
5  	100   	88513.5	318573 	23.7838	2.15743e+06
6  	100   	27494.7	202377 	18.2328	2.15743e+06
7  	100   	49957.8	229837 	18.2328	1.10885e+06
8  	100   	33334.9	189122 	18.2328	1.10873e+06
9  	100   	5634.08	78196.3	28.5541	1.10873e+06
10 	100   	5661.43	78195  	26.3727	1.10874e+06
11 	100   	11230.4	110303 	23.5273	1.10873e+06
12 	100   	22335.4	155206 	24.9165	1.10892e+06
13 	100   	38685  	202212 	27.605 	1.10874e+06
14 	100   	111.467	41.8811	27.605 	298.068    


[12.99747380739703, -31.256142380866017, 3.7597942702790443, 0.35876130010761864, 0.12796491516472458, -46.9861091280831, -46.778446117117284, 0.9885248463409279, 2.914968471932119, 0.019278252318042942, 0.010467541400328479, 3.3762874069281996, 0.010171907926490618, 0.0303907763079414, -40.03233261320854, 13.636089883151987, -55.28792471803719, 0.00040169709512705696, 16.238870307543642, 0.20967218529708684, 5.782226096571499, -55.7082308632324, 6.072534663013338, 59.99522235636227]
gen	nevals	avg    	std    	min    	max        
1  	100   	304.869	154.808	64.1333	721.705    
2  	100   	11397.8	110288 	56.3604	1.10875e+06
3  	100   	27909.9	173072 	43.188 	1.10875e+06
4  	100   	50035.5	229816 	8.27277	1.10875e+06
5  	100   	88513.5	318573 	23.7838	2.15743e+06
6  	100   	27494.7	202377 	18.2328	2.15743e+06
7  	100   	49957.8	229837 	18.2328	1.10885e+06
8  	100   	33334.9	189122 	18.2328	1.10873e+06
9  	100   	5634.08	78196.3	28.5541	1.10873e+06
10 	100   	5661.43	78195  	26.3727	1.10874e+06
11 	100   	11230.4	110303 	23.5273	1.10873e+06
12 	100   	22335.4	155206 	24.9165	1.10892e+06
13 	100   	38685  	202212 	27.605 	1.10874e+06
14 	100   	111.467	41.8811	27.605 	298.068    
15 	100   	5621.41	78200.9	21.3759	1.10878e+06


[12.99747380739703, -31.256142380866017, 3.7597942702790443, 0.35876130010761864, 0.12796491516472458, -46.9861091280831, -46.778446117117284, 0.9885248463409279, 2.914968471932119, 0.019278252318042942, 0.010467541400328479, 3.3762874069281996, 0.010171907926490618, 0.0303907763079414, -40.03233261320854, 13.636089883151987, -55.28792471803719, 0.00040169709512705696, 16.238870307543642, 0.20967218529708684, 5.782226096571499, -55.7082308632324, 6.072534663013338, 59.99522235636227]
gen	nevals	avg    	std    	min    	max        
1  	100   	304.869	154.808	64.1333	721.705    
2  	100   	11397.8	110288 	56.3604	1.10875e+06
3  	100   	27909.9	173072 	43.188 	1.10875e+06
4  	100   	50035.5	229816 	8.27277	1.10875e+06
5  	100   	88513.5	318573 	23.7838	2.15743e+06
6  	100   	27494.7	202377 	18.2328	2.15743e+06
7  	100   	49957.8	229837 	18.2328	1.10885e+06
8  	100   	33334.9	189122 	18.2328	1.10873e+06
9  	100   	5634.08	78196.3	28.5541	1.10873e+06
10 	100   	5661.43	78195  	26.3727	1.10874e+06
11 	100   	11230.4	110303 	23.5273	1.10873e+06
12 	100   	22335.4	155206 	24.9165	1.10892e+06
13 	100   	38685  	202212 	27.605 	1.10874e+06
14 	100   	111.467	41.8811	27.605 	298.068    
15 	100   	5621.41	78200.9	21.3759	1.10878e+06
16 	100   	87.5781	37.6432	21.3759	170.98     


[12.99747380739703, -31.256142380866017, 3.7597942702790443, 0.35876130010761864, 0.12796491516472458, -46.9861091280831, -46.778446117117284, 0.9885248463409279, 2.914968471932119, 0.019278252318042942, 0.010467541400328479, 3.3762874069281996, 0.010171907926490618, 0.0303907763079414, -40.03233261320854, 13.636089883151987, -55.28792471803719, 0.00040169709512705696, 16.238870307543642, 0.20967218529708684, 5.782226096571499, -55.7082308632324, 6.072534663013338, 59.99522235636227]
gen	nevals	avg    	std    	min    	max        
1  	100   	304.869	154.808	64.1333	721.705    
2  	100   	11397.8	110288 	56.3604	1.10875e+06
3  	100   	27909.9	173072 	43.188 	1.10875e+06
4  	100   	50035.5	229816 	8.27277	1.10875e+06
5  	100   	88513.5	318573 	23.7838	2.15743e+06
6  	100   	27494.7	202377 	18.2328	2.15743e+06
7  	100   	49957.8	229837 	18.2328	1.10885e+06
8  	100   	33334.9	189122 	18.2328	1.10873e+06
9  	100   	5634.08	78196.3	28.5541	1.10873e+06
10 	100   	5661.43	78195  	26.3727	1.10874e+06
11 	100   	11230.4	110303 	23.5273	1.10873e+06
12 	100   	22335.4	155206 	24.9165	1.10892e+06
13 	100   	38685  	202212 	27.605 	1.10874e+06
14 	100   	111.467	41.8811	27.605 	298.068    
15 	100   	5621.41	78200.9	21.3759	1.10878e+06
16 	100   	87.5781	37.6432	21.3759	170.98     
17 	100   	74.1609	27.7375	21.3759	170.889    


[12.99747380739703, -31.256142380866017, 3.7597942702790443, 0.35876130010761864, 0.12796491516472458, -46.9861091280831, -46.778446117117284, 0.9885248463409279, 2.914968471932119, 0.019278252318042942, 0.010467541400328479, 3.3762874069281996, 0.010171907926490618, 0.0303907763079414, -40.03233261320854, 13.636089883151987, -55.28792471803719, 0.00040169709512705696, 16.238870307543642, 0.20967218529708684, 5.782226096571499, -55.7082308632324, 6.072534663013338, 59.99522235636227]
gen	nevals	avg    	std    	min    	max        
1  	100   	304.869	154.808	64.1333	721.705    
2  	100   	11397.8	110288 	56.3604	1.10875e+06
3  	100   	27909.9	173072 	43.188 	1.10875e+06
4  	100   	50035.5	229816 	8.27277	1.10875e+06
5  	100   	88513.5	318573 	23.7838	2.15743e+06
6  	100   	27494.7	202377 	18.2328	2.15743e+06
7  	100   	49957.8	229837 	18.2328	1.10885e+06
8  	100   	33334.9	189122 	18.2328	1.10873e+06
9  	100   	5634.08	78196.3	28.5541	1.10873e+06
10 	100   	5661.43	78195  	26.3727	1.10874e+06
11 	100   	11230.4	110303 	23.5273	1.10873e+06
12 	100   	22335.4	155206 	24.9165	1.10892e+06
13 	100   	38685  	202212 	27.605 	1.10874e+06
14 	100   	111.467	41.8811	27.605 	298.068    
15 	100   	5621.41	78200.9	21.3759	1.10878e+06
16 	100   	87.5781	37.6432	21.3759	170.98     
17 	100   	74.1609	27.7375	21.3759	170.889    
18 	100   	66.5034	28.2327	21.3759	181.426    


[12.99747380739703, -31.256142380866017, 3.7597942702790443, 0.35876130010761864, 0.12796491516472458, -46.9861091280831, -46.778446117117284, 0.9885248463409279, 2.914968471932119, 0.019278252318042942, 0.010467541400328479, 3.3762874069281996, 0.010171907926490618, 0.0303907763079414, -40.03233261320854, 13.636089883151987, -55.28792471803719, 0.00040169709512705696, 16.238870307543642, 0.20967218529708684, 5.782226096571499, -55.7082308632324, 6.072534663013338, 59.99522235636227]
gen	nevals	avg    	std    	min    	max        
1  	100   	304.869	154.808	64.1333	721.705    
2  	100   	11397.8	110288 	56.3604	1.10875e+06
3  	100   	27909.9	173072 	43.188 	1.10875e+06
4  	100   	50035.5	229816 	8.27277	1.10875e+06
5  	100   	88513.5	318573 	23.7838	2.15743e+06
6  	100   	27494.7	202377 	18.2328	2.15743e+06
7  	100   	49957.8	229837 	18.2328	1.10885e+06
8  	100   	33334.9	189122 	18.2328	1.10873e+06
9  	100   	5634.08	78196.3	28.5541	1.10873e+06
10 	100   	5661.43	78195  	26.3727	1.10874e+06
11 	100   	11230.4	110303 	23.5273	1.10873e+06
12 	100   	22335.4	155206 	24.9165	1.10892e+06
13 	100   	38685  	202212 	27.605 	1.10874e+06
14 	100   	111.467	41.8811	27.605 	298.068    
15 	100   	5621.41	78200.9	21.3759	1.10878e+06
16 	100   	87.5781	37.6432	21.3759	170.98     
17 	100   	74.1609	27.7375	21.3759	170.889    
18 	100   	66.5034	28.2327	21.3759	181.426    
19 	100   	53.9002	24.0478	21.3759	162.025    


[12.99747380739703, -31.256142380866017, 3.7597942702790443, 0.35876130010761864, 0.12796491516472458, -46.9861091280831, -46.778446117117284, 0.9885248463409279, 2.914968471932119, 0.019278252318042942, 0.010467541400328479, 3.3762874069281996, 0.010171907926490618, 0.0303907763079414, -40.03233261320854, 13.636089883151987, -55.28792471803719, 0.00040169709512705696, 16.238870307543642, 0.20967218529708684, 5.782226096571499, -55.7082308632324, 6.072534663013338, 59.99522235636227]
gen	nevals	avg    	std    	min    	max        
1  	100   	304.869	154.808	64.1333	721.705    
2  	100   	11397.8	110288 	56.3604	1.10875e+06
3  	100   	27909.9	173072 	43.188 	1.10875e+06
4  	100   	50035.5	229816 	8.27277	1.10875e+06
5  	100   	88513.5	318573 	23.7838	2.15743e+06
6  	100   	27494.7	202377 	18.2328	2.15743e+06
7  	100   	49957.8	229837 	18.2328	1.10885e+06
8  	100   	33334.9	189122 	18.2328	1.10873e+06
9  	100   	5634.08	78196.3	28.5541	1.10873e+06
10 	100   	5661.43	78195  	26.3727	1.10874e+06
11 	100   	11230.4	110303 	23.5273	1.10873e+06
12 	100   	22335.4	155206 	24.9165	1.10892e+06
13 	100   	38685  	202212 	27.605 	1.10874e+06
14 	100   	111.467	41.8811	27.605 	298.068    
15 	100   	5621.41	78200.9	21.3759	1.10878e+06
16 	100   	87.5781	37.6432	21.3759	170.98     
17 	100   	74.1609	27.7375	21.3759	170.889    
18 	100   	66.5034	28.2327	21.3759	181.426    
19 	100   	53.9002	24.0478	21.3759	162.025    
20 	100   	44.2198	18.9022	17.8453	132.484    


[12.99747380739703, -31.256142380866017, 3.7597942702790443, 0.35876130010761864, 0.12796491516472458, -46.9861091280831, -46.778446117117284, 0.9885248463409279, 2.914968471932119, 0.019278252318042942, 0.010467541400328479, 3.3762874069281996, 0.010171907926490618, 0.0303907763079414, -40.03233261320854, 13.636089883151987, -55.28792471803719, 0.00040169709512705696, 16.238870307543642, 0.20967218529708684, 5.782226096571499, -55.7082308632324, 6.072534663013338, 59.99522235636227]
gen	nevals	avg    	std    	min    	max        
1  	100   	304.869	154.808	64.1333	721.705    
2  	100   	11397.8	110288 	56.3604	1.10875e+06
3  	100   	27909.9	173072 	43.188 	1.10875e+06
4  	100   	50035.5	229816 	8.27277	1.10875e+06
5  	100   	88513.5	318573 	23.7838	2.15743e+06
6  	100   	27494.7	202377 	18.2328	2.15743e+06
7  	100   	49957.8	229837 	18.2328	1.10885e+06
8  	100   	33334.9	189122 	18.2328	1.10873e+06
9  	100   	5634.08	78196.3	28.5541	1.10873e+06
10 	100   	5661.43	78195  	26.3727	1.10874e+06
11 	100   	11230.4	110303 	23.5273	1.10873e+06
12 	100   	22335.4	155206 	24.9165	1.10892e+06
13 	100   	38685  	202212 	27.605 	1.10874e+06
14 	100   	111.467	41.8811	27.605 	298.068    
15 	100   	5621.41	78200.9	21.3759	1.10878e+06
16 	100   	87.5781	37.6432	21.3759	170.98     
17 	100   	74.1609	27.7375	21.3759	170.889    
18 	100   	66.5034	28.2327	21.3759	181.426    
19 	100   	53.9002	24.0478	21.3759	162.025    
20 	100   	44.2198	18.9022	17.8453	132.484    
21 	100   	45.819 	28.0695	17.8453	205.941    


[12.99747380739703, -31.256142380866017, 3.7597942702790443, 0.35876130010761864, 0.12796491516472458, -46.9861091280831, -46.778446117117284, 0.9885248463409279, 2.914968471932119, 0.019278252318042942, 0.010467541400328479, 3.3762874069281996, 0.010171907926490618, 0.0303907763079414, -40.03233261320854, 13.636089883151987, -55.28792471803719, 0.00040169709512705696, 16.238870307543642, 0.20967218529708684, 5.782226096571499, -55.7082308632324, 6.072534663013338, 59.99522235636227]
gen	nevals	avg    	std    	min    	max        
1  	100   	304.869	154.808	64.1333	721.705    
2  	100   	11397.8	110288 	56.3604	1.10875e+06
3  	100   	27909.9	173072 	43.188 	1.10875e+06
4  	100   	50035.5	229816 	8.27277	1.10875e+06
5  	100   	88513.5	318573 	23.7838	2.15743e+06
6  	100   	27494.7	202377 	18.2328	2.15743e+06
7  	100   	49957.8	229837 	18.2328	1.10885e+06
8  	100   	33334.9	189122 	18.2328	1.10873e+06
9  	100   	5634.08	78196.3	28.5541	1.10873e+06
10 	100   	5661.43	78195  	26.3727	1.10874e+06
11 	100   	11230.4	110303 	23.5273	1.10873e+06
12 	100   	22335.4	155206 	24.9165	1.10892e+06
13 	100   	38685  	202212 	27.605 	1.10874e+06
14 	100   	111.467	41.8811	27.605 	298.068    
15 	100   	5621.41	78200.9	21.3759	1.10878e+06
16 	100   	87.5781	37.6432	21.3759	170.98     
17 	100   	74.1609	27.7375	21.3759	170.889    
18 	100   	66.5034	28.2327	21.3759	181.426    
19 	100   	53.9002	24.0478	21.3759	162.025    
20 	100   	44.2198	18.9022	17.8453	132.484    
21 	100   	45.819 	28.0695	17.8453	205.941    
22 	100   	60.6175	45.3265	17.6946	220.17     


[12.99747380739703, -31.256142380866017, 3.7597942702790443, 0.35876130010761864, 0.12796491516472458, -46.9861091280831, -46.778446117117284, 0.9885248463409279, 2.914968471932119, 0.019278252318042942, 0.010467541400328479, 3.3762874069281996, 0.010171907926490618, 0.0303907763079414, -40.03233261320854, 13.636089883151987, -55.28792471803719, 0.00040169709512705696, 16.238870307543642, 0.20967218529708684, 5.782226096571499, -55.7082308632324, 6.072534663013338, 59.99522235636227]
gen	nevals	avg    	std    	min    	max        
1  	100   	304.869	154.808	64.1333	721.705    
2  	100   	11397.8	110288 	56.3604	1.10875e+06
3  	100   	27909.9	173072 	43.188 	1.10875e+06
4  	100   	50035.5	229816 	8.27277	1.10875e+06
5  	100   	88513.5	318573 	23.7838	2.15743e+06
6  	100   	27494.7	202377 	18.2328	2.15743e+06
7  	100   	49957.8	229837 	18.2328	1.10885e+06
8  	100   	33334.9	189122 	18.2328	1.10873e+06
9  	100   	5634.08	78196.3	28.5541	1.10873e+06
10 	100   	5661.43	78195  	26.3727	1.10874e+06
11 	100   	11230.4	110303 	23.5273	1.10873e+06
12 	100   	22335.4	155206 	24.9165	1.10892e+06
13 	100   	38685  	202212 	27.605 	1.10874e+06
14 	100   	111.467	41.8811	27.605 	298.068    
15 	100   	5621.41	78200.9	21.3759	1.10878e+06
16 	100   	87.5781	37.6432	21.3759	170.98     
17 	100   	74.1609	27.7375	21.3759	170.889    
18 	100   	66.5034	28.2327	21.3759	181.426    
19 	100   	53.9002	24.0478	21.3759	162.025    
20 	100   	44.2198	18.9022	17.8453	132.484    
21 	100   	45.819 	28.0695	17.8453	205.941    
22 	100   	60.6175	45.3265	17.6946	220.17     
23 	100   	60.0934	48.5425	14.6515	234.214    


[12.99747380739703, -31.256142380866017, 3.7597942702790443, 0.35876130010761864, 0.12796491516472458, -46.9861091280831, -46.778446117117284, 0.9885248463409279, 2.914968471932119, 0.019278252318042942, 0.010467541400328479, 3.3762874069281996, 0.010171907926490618, 0.0303907763079414, -40.03233261320854, 13.636089883151987, -55.28792471803719, 0.00040169709512705696, 16.238870307543642, 0.20967218529708684, 5.782226096571499, -55.7082308632324, 6.072534663013338, 59.99522235636227]
gen	nevals	avg    	std    	min    	max        
1  	100   	304.869	154.808	64.1333	721.705    
2  	100   	11397.8	110288 	56.3604	1.10875e+06
3  	100   	27909.9	173072 	43.188 	1.10875e+06
4  	100   	50035.5	229816 	8.27277	1.10875e+06
5  	100   	88513.5	318573 	23.7838	2.15743e+06
6  	100   	27494.7	202377 	18.2328	2.15743e+06
7  	100   	49957.8	229837 	18.2328	1.10885e+06
8  	100   	33334.9	189122 	18.2328	1.10873e+06
9  	100   	5634.08	78196.3	28.5541	1.10873e+06
10 	100   	5661.43	78195  	26.3727	1.10874e+06
11 	100   	11230.4	110303 	23.5273	1.10873e+06
12 	100   	22335.4	155206 	24.9165	1.10892e+06
13 	100   	38685  	202212 	27.605 	1.10874e+06
14 	100   	111.467	41.8811	27.605 	298.068    
15 	100   	5621.41	78200.9	21.3759	1.10878e+06
16 	100   	87.5781	37.6432	21.3759	170.98     
17 	100   	74.1609	27.7375	21.3759	170.889    
18 	100   	66.5034	28.2327	21.3759	181.426    
19 	100   	53.9002	24.0478	21.3759	162.025    
20 	100   	44.2198	18.9022	17.8453	132.484    
21 	100   	45.819 	28.0695	17.8453	205.941    
22 	100   	60.6175	45.3265	17.6946	220.17     
23 	100   	60.0934	48.5425	14.6515	234.214    
24 	100   	76.8965	61.0132	14.6515	228.897    


[12.99747380739703, -31.256142380866017, 3.7597942702790443, 0.35876130010761864, 0.12796491516472458, -46.9861091280831, -46.778446117117284, 0.9885248463409279, 2.914968471932119, 0.019278252318042942, 0.010467541400328479, 3.3762874069281996, 0.010171907926490618, 0.0303907763079414, -40.03233261320854, 13.636089883151987, -55.28792471803719, 0.00040169709512705696, 16.238870307543642, 0.20967218529708684, 5.782226096571499, -55.7082308632324, 6.072534663013338, 59.99522235636227]
gen	nevals	avg    	std    	min    	max        
1  	100   	304.869	154.808	64.1333	721.705    
2  	100   	11397.8	110288 	56.3604	1.10875e+06
3  	100   	27909.9	173072 	43.188 	1.10875e+06
4  	100   	50035.5	229816 	8.27277	1.10875e+06
5  	100   	88513.5	318573 	23.7838	2.15743e+06
6  	100   	27494.7	202377 	18.2328	2.15743e+06
7  	100   	49957.8	229837 	18.2328	1.10885e+06
8  	100   	33334.9	189122 	18.2328	1.10873e+06
9  	100   	5634.08	78196.3	28.5541	1.10873e+06
10 	100   	5661.43	78195  	26.3727	1.10874e+06
11 	100   	11230.4	110303 	23.5273	1.10873e+06
12 	100   	22335.4	155206 	24.9165	1.10892e+06
13 	100   	38685  	202212 	27.605 	1.10874e+06
14 	100   	111.467	41.8811	27.605 	298.068    
15 	100   	5621.41	78200.9	21.3759	1.10878e+06
16 	100   	87.5781	37.6432	21.3759	170.98     
17 	100   	74.1609	27.7375	21.3759	170.889    
18 	100   	66.5034	28.2327	21.3759	181.426    
19 	100   	53.9002	24.0478	21.3759	162.025    
20 	100   	44.2198	18.9022	17.8453	132.484    
21 	100   	45.819 	28.0695	17.8453	205.941    
22 	100   	60.6175	45.3265	17.6946	220.17     
23 	100   	60.0934	48.5425	14.6515	234.214    
24 	100   	76.8965	61.0132	14.6515	228.897    
25 	100   	58.0499	41.9135	14.6515	212.567    


[12.99747380739703, -31.256142380866017, 3.7597942702790443, 0.35876130010761864, 0.12796491516472458, -46.9861091280831, -46.778446117117284, 0.9885248463409279, 2.914968471932119, 0.019278252318042942, 0.010467541400328479, 3.3762874069281996, 0.010171907926490618, 0.0303907763079414, -40.03233261320854, 13.636089883151987, -55.28792471803719, 0.00040169709512705696, 16.238870307543642, 0.20967218529708684, 5.782226096571499, -55.7082308632324, 6.072534663013338, 59.99522235636227]
gen	nevals	avg    	std    	min    	max        
1  	100   	304.869	154.808	64.1333	721.705    
2  	100   	11397.8	110288 	56.3604	1.10875e+06
3  	100   	27909.9	173072 	43.188 	1.10875e+06
4  	100   	50035.5	229816 	8.27277	1.10875e+06
5  	100   	88513.5	318573 	23.7838	2.15743e+06
6  	100   	27494.7	202377 	18.2328	2.15743e+06
7  	100   	49957.8	229837 	18.2328	1.10885e+06
8  	100   	33334.9	189122 	18.2328	1.10873e+06
9  	100   	5634.08	78196.3	28.5541	1.10873e+06
10 	100   	5661.43	78195  	26.3727	1.10874e+06
11 	100   	11230.4	110303 	23.5273	1.10873e+06
12 	100   	22335.4	155206 	24.9165	1.10892e+06
13 	100   	38685  	202212 	27.605 	1.10874e+06
14 	100   	111.467	41.8811	27.605 	298.068    
15 	100   	5621.41	78200.9	21.3759	1.10878e+06
16 	100   	87.5781	37.6432	21.3759	170.98     
17 	100   	74.1609	27.7375	21.3759	170.889    
18 	100   	66.5034	28.2327	21.3759	181.426    
19 	100   	53.9002	24.0478	21.3759	162.025    
20 	100   	44.2198	18.9022	17.8453	132.484    
21 	100   	45.819 	28.0695	17.8453	205.941    
22 	100   	60.6175	45.3265	17.6946	220.17     
23 	100   	60.0934	48.5425	14.6515	234.214    
24 	100   	76.8965	61.0132	14.6515	228.897    
25 	100   	58.0499	41.9135	14.6515	212.567    
26 	100   	67.2214	47.2825	13.0683	211.146    


[12.99747380739703, -31.256142380866017, 3.7597942702790443, 0.35876130010761864, 0.12796491516472458, -46.9861091280831, -46.778446117117284, 0.9885248463409279, 2.914968471932119, 0.019278252318042942, 0.010467541400328479, 3.3762874069281996, 0.010171907926490618, 0.0303907763079414, -40.03233261320854, 13.636089883151987, -55.28792471803719, 0.00040169709512705696, 16.238870307543642, 0.20967218529708684, 5.782226096571499, -55.7082308632324, 6.072534663013338, 59.99522235636227]
gen	nevals	avg    	std    	min    	max        
1  	100   	304.869	154.808	64.1333	721.705    
2  	100   	11397.8	110288 	56.3604	1.10875e+06
3  	100   	27909.9	173072 	43.188 	1.10875e+06
4  	100   	50035.5	229816 	8.27277	1.10875e+06
5  	100   	88513.5	318573 	23.7838	2.15743e+06
6  	100   	27494.7	202377 	18.2328	2.15743e+06
7  	100   	49957.8	229837 	18.2328	1.10885e+06
8  	100   	33334.9	189122 	18.2328	1.10873e+06
9  	100   	5634.08	78196.3	28.5541	1.10873e+06
10 	100   	5661.43	78195  	26.3727	1.10874e+06
11 	100   	11230.4	110303 	23.5273	1.10873e+06
12 	100   	22335.4	155206 	24.9165	1.10892e+06
13 	100   	38685  	202212 	27.605 	1.10874e+06
14 	100   	111.467	41.8811	27.605 	298.068    
15 	100   	5621.41	78200.9	21.3759	1.10878e+06
16 	100   	87.5781	37.6432	21.3759	170.98     
17 	100   	74.1609	27.7375	21.3759	170.889    
18 	100   	66.5034	28.2327	21.3759	181.426    
19 	100   	53.9002	24.0478	21.3759	162.025    
20 	100   	44.2198	18.9022	17.8453	132.484    
21 	100   	45.819 	28.0695	17.8453	205.941    
22 	100   	60.6175	45.3265	17.6946	220.17     
23 	100   	60.0934	48.5425	14.6515	234.214    
24 	100   	76.8965	61.0132	14.6515	228.897    
25 	100   	58.0499	41.9135	14.6515	212.567    
26 	100   	67.2214	47.2825	13.0683	211.146    
27 	100   	52.5873	37.9202	15.1677	226.498    


[12.84353553191832, -31.151669444723005, 3.91197561098597, 0.39430299849197764, 0.1235464379391074, -49.94511101456893, -46.67514088188132, 0.5247825872771184, 1.8413059601019017, 0.020999957437160613, 0.010881496126041494, 3.8943741411446378, 0.01072265607334109, 0.030990123533620382, -40.020361998958414, 13.985251348968381, -63.35033731765526, 0.0005461922026095448, 16.992240747312476, 0.20768652257017783, 10.48774941087837, -56.25630331911495, 5.195441704525077, 59.73594285905755]
gen	nevals	avg    	std    	min    	max        
1  	100   	304.869	154.808	64.1333	721.705    
2  	100   	11397.8	110288 	56.3604	1.10875e+06
3  	100   	27909.9	173072 	43.188 	1.10875e+06
4  	100   	50035.5	229816 	8.27277	1.10875e+06
5  	100   	88513.5	318573 	23.7838	2.15743e+06
6  	100   	27494.7	202377 	18.2328	2.15743e+06
7  	100   	49957.8	229837 	18.2328	1.10885e+06
8  	100   	33334.9	189122 	18.2328	1.10873e+06
9  	100   	5634.08	78196.3	28.5541	1.10873e+06
10 	100   	5661.43	78195  	26.3727	1.10874e+06
11 	100   	11230.4	110303 	23.5273	1.10873e+06
12 	100   	22335.4	155206 	24.9165	1.10892e+06
13 	100   	38685  	202212 	27.605 	1.10874e+06
14 	100   	111.467	41.8811	27.605 	298.068    
15 	100   	5621.41	78200.9	21.3759	1.10878e+06
16 	100   	87.5781	37.6432	21.3759	170.98     
17 	100   	74.1609	27.7375	21.3759	170.889    
18 	100   	66.5034	28.2327	21.3759	181.426    
19 	100   	53.9002	24.0478	21.3759	162.025    
20 	100   	44.2198	18.9022	17.8453	132.484    
21 	100   	45.819 	28.0695	17.8453	205.941    
22 	100   	60.6175	45.3265	17.6946	220.17     
23 	100   	60.0934	48.5425	14.6515	234.214    
24 	100   	76.8965	61.0132	14.6515	228.897    
25 	100   	58.0499	41.9135	14.6515	212.567    
26 	100   	67.2214	47.2825	13.0683	211.146    
27 	100   	52.5873	37.9202	15.1677	226.498    
28 	100   	48.66  	33.4065	6.75106	203.542    


[12.84353553191832, -31.151669444723005, 3.91197561098597, 0.39430299849197764, 0.1235464379391074, -49.94511101456893, -46.67514088188132, 0.5247825872771184, 1.8413059601019017, 0.020999957437160613, 0.010881496126041494, 3.8943741411446378, 0.01072265607334109, 0.030990123533620382, -40.020361998958414, 13.985251348968381, -63.35033731765526, 0.0005461922026095448, 16.992240747312476, 0.20768652257017783, 10.48774941087837, -56.25630331911495, 5.195441704525077, 59.73594285905755]
gen	nevals	avg    	std    	min    	max        
1  	100   	304.869	154.808	64.1333	721.705    
2  	100   	11397.8	110288 	56.3604	1.10875e+06
3  	100   	27909.9	173072 	43.188 	1.10875e+06
4  	100   	50035.5	229816 	8.27277	1.10875e+06
5  	100   	88513.5	318573 	23.7838	2.15743e+06
6  	100   	27494.7	202377 	18.2328	2.15743e+06
7  	100   	49957.8	229837 	18.2328	1.10885e+06
8  	100   	33334.9	189122 	18.2328	1.10873e+06
9  	100   	5634.08	78196.3	28.5541	1.10873e+06
10 	100   	5661.43	78195  	26.3727	1.10874e+06
11 	100   	11230.4	110303 	23.5273	1.10873e+06
12 	100   	22335.4	155206 	24.9165	1.10892e+06
13 	100   	38685  	202212 	27.605 	1.10874e+06
14 	100   	111.467	41.8811	27.605 	298.068    
15 	100   	5621.41	78200.9	21.3759	1.10878e+06
16 	100   	87.5781	37.6432	21.3759	170.98     
17 	100   	74.1609	27.7375	21.3759	170.889    
18 	100   	66.5034	28.2327	21.3759	181.426    
19 	100   	53.9002	24.0478	21.3759	162.025    
20 	100   	44.2198	18.9022	17.8453	132.484    
21 	100   	45.819 	28.0695	17.8453	205.941    
22 	100   	60.6175	45.3265	17.6946	220.17     
23 	100   	60.0934	48.5425	14.6515	234.214    
24 	100   	76.8965	61.0132	14.6515	228.897    
25 	100   	58.0499	41.9135	14.6515	212.567    
26 	100   	67.2214	47.2825	13.0683	211.146    
27 	100   	52.5873	37.9202	15.1677	226.498    
28 	100   	48.66  	33.4065	6.75106	203.542    
29 	100   	56.2944	39.9235	6.75106	262.607    


[12.886130503030532, -31.17781070384093, 3.91197561098597, 0.38567098192463, 0.1235464379391074, -49.99656236356924, -46.67514088188132, 0.31637165819948754, 2.1501694286303095, 0.020999819232158816, 0.010881496126041494, 3.8914501246848965, 0.010866833175857259, 0.030990123533620382, -40.022296054237074, 13.992228468977283, -63.309890132205666, 0.0005457321023856199, 16.962746063040825, 0.2334926493147286, 10.48774941087837, -55.72217344617732, 5.1832663262970184, 59.75522719826243]
gen	nevals	avg    	std    	min    	max        
1  	100   	304.869	154.808	64.1333	721.705    
2  	100   	11397.8	110288 	56.3604	1.10875e+06
3  	100   	27909.9	173072 	43.188 	1.10875e+06
4  	100   	50035.5	229816 	8.27277	1.10875e+06
5  	100   	88513.5	318573 	23.7838	2.15743e+06
6  	100   	27494.7	202377 	18.2328	2.15743e+06
7  	100   	49957.8	229837 	18.2328	1.10885e+06
8  	100   	33334.9	189122 	18.2328	1.10873e+06
9  	100   	5634.08	78196.3	28.5541	1.10873e+06
10 	100   	5661.43	78195  	26.3727	1.10874e+06
11 	100   	11230.4	110303 	23.5273	1.10873e+06
12 	100   	22335.4	155206 	24.9165	1.10892e+06
13 	100   	38685  	202212 	27.605 	1.10874e+06
14 	100   	111.467	41.8811	27.605 	298.068    
15 	100   	5621.41	78200.9	21.3759	1.10878e+06
16 	100   	87.5781	37.6432	21.3759	170.98     
17 	100   	74.1609	27.7375	21.3759	170.889    
18 	100   	66.5034	28.2327	21.3759	181.426    
19 	100   	53.9002	24.0478	21.3759	162.025    
20 	100   	44.2198	18.9022	17.8453	132.484    
21 	100   	45.819 	28.0695	17.8453	205.941    
22 	100   	60.6175	45.3265	17.6946	220.17     
23 	100   	60.0934	48.5425	14.6515	234.214    
24 	100   	76.8965	61.0132	14.6515	228.897    
25 	100   	58.0499	41.9135	14.6515	212.567    
26 	100   	67.2214	47.2825	13.0683	211.146    
27 	100   	52.5873	37.9202	15.1677	226.498    
28 	100   	48.66  	33.4065	6.75106	203.542    
29 	100   	56.2944	39.9235	6.75106	262.607    
30 	100   	30.5664	21.7391	6.21553	123.835    


[12.886130503030532, -31.17781070384093, 3.91197561098597, 0.38567098192463, 0.1235464379391074, -49.99656236356924, -46.67514088188132, 0.31637165819948754, 2.1501694286303095, 0.020999819232158816, 0.010881496126041494, 3.8914501246848965, 0.010866833175857259, 0.030990123533620382, -40.022296054237074, 13.992228468977283, -63.309890132205666, 0.0005457321023856199, 16.962746063040825, 0.2334926493147286, 10.48774941087837, -55.72217344617732, 5.1832663262970184, 59.75522719826243]
gen	nevals	avg    	std    	min    	max        
1  	100   	304.869	154.808	64.1333	721.705    
2  	100   	11397.8	110288 	56.3604	1.10875e+06
3  	100   	27909.9	173072 	43.188 	1.10875e+06
4  	100   	50035.5	229816 	8.27277	1.10875e+06
5  	100   	88513.5	318573 	23.7838	2.15743e+06
6  	100   	27494.7	202377 	18.2328	2.15743e+06
7  	100   	49957.8	229837 	18.2328	1.10885e+06
8  	100   	33334.9	189122 	18.2328	1.10873e+06
9  	100   	5634.08	78196.3	28.5541	1.10873e+06
10 	100   	5661.43	78195  	26.3727	1.10874e+06
11 	100   	11230.4	110303 	23.5273	1.10873e+06
12 	100   	22335.4	155206 	24.9165	1.10892e+06
13 	100   	38685  	202212 	27.605 	1.10874e+06
14 	100   	111.467	41.8811	27.605 	298.068    
15 	100   	5621.41	78200.9	21.3759	1.10878e+06
16 	100   	87.5781	37.6432	21.3759	170.98     
17 	100   	74.1609	27.7375	21.3759	170.889    
18 	100   	66.5034	28.2327	21.3759	181.426    
19 	100   	53.9002	24.0478	21.3759	162.025    
20 	100   	44.2198	18.9022	17.8453	132.484    
21 	100   	45.819 	28.0695	17.8453	205.941    
22 	100   	60.6175	45.3265	17.6946	220.17     
23 	100   	60.0934	48.5425	14.6515	234.214    
24 	100   	76.8965	61.0132	14.6515	228.897    
25 	100   	58.0499	41.9135	14.6515	212.567    
26 	100   	67.2214	47.2825	13.0683	211.146    
27 	100   	52.5873	37.9202	15.1677	226.498    
28 	100   	48.66  	33.4065	6.75106	203.542    
29 	100   	56.2944	39.9235	6.75106	262.607    
30 	100   	30.5664	21.7391	6.21553	123.835    
31 	100   	48.2942	35.7276	6.21553	199.153    


[12.886130503030532, -31.17781070384093, 3.91197561098597, 0.38567098192463, 0.1235464379391074, -49.99656236356924, -46.67514088188132, 0.31637165819948754, 2.1501694286303095, 0.020999819232158816, 0.010881496126041494, 3.8914501246848965, 0.010866833175857259, 0.030990123533620382, -40.022296054237074, 13.992228468977283, -63.309890132205666, 0.0005457321023856199, 16.962746063040825, 0.2334926493147286, 10.48774941087837, -55.72217344617732, 5.1832663262970184, 59.75522719826243]
gen	nevals	avg    	std    	min    	max        
1  	100   	304.869	154.808	64.1333	721.705    
2  	100   	11397.8	110288 	56.3604	1.10875e+06
3  	100   	27909.9	173072 	43.188 	1.10875e+06
4  	100   	50035.5	229816 	8.27277	1.10875e+06
5  	100   	88513.5	318573 	23.7838	2.15743e+06
6  	100   	27494.7	202377 	18.2328	2.15743e+06
7  	100   	49957.8	229837 	18.2328	1.10885e+06
8  	100   	33334.9	189122 	18.2328	1.10873e+06
9  	100   	5634.08	78196.3	28.5541	1.10873e+06
10 	100   	5661.43	78195  	26.3727	1.10874e+06
11 	100   	11230.4	110303 	23.5273	1.10873e+06
12 	100   	22335.4	155206 	24.9165	1.10892e+06
13 	100   	38685  	202212 	27.605 	1.10874e+06
14 	100   	111.467	41.8811	27.605 	298.068    
15 	100   	5621.41	78200.9	21.3759	1.10878e+06
16 	100   	87.5781	37.6432	21.3759	170.98     
17 	100   	74.1609	27.7375	21.3759	170.889    
18 	100   	66.5034	28.2327	21.3759	181.426    
19 	100   	53.9002	24.0478	21.3759	162.025    
20 	100   	44.2198	18.9022	17.8453	132.484    
21 	100   	45.819 	28.0695	17.8453	205.941    
22 	100   	60.6175	45.3265	17.6946	220.17     
23 	100   	60.0934	48.5425	14.6515	234.214    
24 	100   	76.8965	61.0132	14.6515	228.897    
25 	100   	58.0499	41.9135	14.6515	212.567    
26 	100   	67.2214	47.2825	13.0683	211.146    
27 	100   	52.5873	37.9202	15.1677	226.498    
28 	100   	48.66  	33.4065	6.75106	203.542    
29 	100   	56.2944	39.9235	6.75106	262.607    
30 	100   	30.5664	21.7391	6.21553	123.835    
31 	100   	48.2942	35.7276	6.21553	199.153    
32 	100   	46.0285	39.335 	6.21553	198.762    


[12.886130503030532, -31.17781070384093, 3.91197561098597, 0.38567098192463, 0.1235464379391074, -49.99656236356924, -46.67514088188132, 0.31637165819948754, 2.1501694286303095, 0.020999819232158816, 0.010881496126041494, 3.8914501246848965, 0.010866833175857259, 0.030990123533620382, -40.022296054237074, 13.992228468977283, -63.309890132205666, 0.0005457321023856199, 16.962746063040825, 0.2334926493147286, 10.48774941087837, -55.72217344617732, 5.1832663262970184, 59.75522719826243]
gen	nevals	avg    	std    	min    	max        
1  	100   	304.869	154.808	64.1333	721.705    
2  	100   	11397.8	110288 	56.3604	1.10875e+06
3  	100   	27909.9	173072 	43.188 	1.10875e+06
4  	100   	50035.5	229816 	8.27277	1.10875e+06
5  	100   	88513.5	318573 	23.7838	2.15743e+06
6  	100   	27494.7	202377 	18.2328	2.15743e+06
7  	100   	49957.8	229837 	18.2328	1.10885e+06
8  	100   	33334.9	189122 	18.2328	1.10873e+06
9  	100   	5634.08	78196.3	28.5541	1.10873e+06
10 	100   	5661.43	78195  	26.3727	1.10874e+06
11 	100   	11230.4	110303 	23.5273	1.10873e+06
12 	100   	22335.4	155206 	24.9165	1.10892e+06
13 	100   	38685  	202212 	27.605 	1.10874e+06
14 	100   	111.467	41.8811	27.605 	298.068    
15 	100   	5621.41	78200.9	21.3759	1.10878e+06
16 	100   	87.5781	37.6432	21.3759	170.98     
17 	100   	74.1609	27.7375	21.3759	170.889    
18 	100   	66.5034	28.2327	21.3759	181.426    
19 	100   	53.9002	24.0478	21.3759	162.025    
20 	100   	44.2198	18.9022	17.8453	132.484    
21 	100   	45.819 	28.0695	17.8453	205.941    
22 	100   	60.6175	45.3265	17.6946	220.17     
23 	100   	60.0934	48.5425	14.6515	234.214    
24 	100   	76.8965	61.0132	14.6515	228.897    
25 	100   	58.0499	41.9135	14.6515	212.567    
26 	100   	67.2214	47.2825	13.0683	211.146    
27 	100   	52.5873	37.9202	15.1677	226.498    
28 	100   	48.66  	33.4065	6.75106	203.542    
29 	100   	56.2944	39.9235	6.75106	262.607    
30 	100   	30.5664	21.7391	6.21553	123.835    
31 	100   	48.2942	35.7276	6.21553	199.153    
32 	100   	46.0285	39.335 	6.21553	198.762    
33 	100   	59.9494	41.6121	7.53112	215.295    


[12.886130503030532, -31.17781070384093, 3.91197561098597, 0.38567098192463, 0.1235464379391074, -49.99656236356924, -46.67514088188132, 0.31637165819948754, 2.1501694286303095, 0.020999819232158816, 0.010881496126041494, 3.8914501246848965, 0.010866833175857259, 0.030990123533620382, -40.022296054237074, 13.992228468977283, -63.309890132205666, 0.0005457321023856199, 16.962746063040825, 0.2334926493147286, 10.48774941087837, -55.72217344617732, 5.1832663262970184, 59.75522719826243]
gen	nevals	avg    	std    	min    	max        
1  	100   	304.869	154.808	64.1333	721.705    
2  	100   	11397.8	110288 	56.3604	1.10875e+06
3  	100   	27909.9	173072 	43.188 	1.10875e+06
4  	100   	50035.5	229816 	8.27277	1.10875e+06
5  	100   	88513.5	318573 	23.7838	2.15743e+06
6  	100   	27494.7	202377 	18.2328	2.15743e+06
7  	100   	49957.8	229837 	18.2328	1.10885e+06
8  	100   	33334.9	189122 	18.2328	1.10873e+06
9  	100   	5634.08	78196.3	28.5541	1.10873e+06
10 	100   	5661.43	78195  	26.3727	1.10874e+06
11 	100   	11230.4	110303 	23.5273	1.10873e+06
12 	100   	22335.4	155206 	24.9165	1.10892e+06
13 	100   	38685  	202212 	27.605 	1.10874e+06
14 	100   	111.467	41.8811	27.605 	298.068    
15 	100   	5621.41	78200.9	21.3759	1.10878e+06
16 	100   	87.5781	37.6432	21.3759	170.98     
17 	100   	74.1609	27.7375	21.3759	170.889    
18 	100   	66.5034	28.2327	21.3759	181.426    
19 	100   	53.9002	24.0478	21.3759	162.025    
20 	100   	44.2198	18.9022	17.8453	132.484    
21 	100   	45.819 	28.0695	17.8453	205.941    
22 	100   	60.6175	45.3265	17.6946	220.17     
23 	100   	60.0934	48.5425	14.6515	234.214    
24 	100   	76.8965	61.0132	14.6515	228.897    
25 	100   	58.0499	41.9135	14.6515	212.567    
26 	100   	67.2214	47.2825	13.0683	211.146    
27 	100   	52.5873	37.9202	15.1677	226.498    
28 	100   	48.66  	33.4065	6.75106	203.542    
29 	100   	56.2944	39.9235	6.75106	262.607    
30 	100   	30.5664	21.7391	6.21553	123.835    
31 	100   	48.2942	35.7276	6.21553	199.153    
32 	100   	46.0285	39.335 	6.21553	198.762    
33 	100   	59.9494	41.6121	7.53112	215.295    
34 	100   	57.5695	37.4337	7.53112	187.643    


[12.886130503030532, -31.17781070384093, 3.91197561098597, 0.38567098192463, 0.1235464379391074, -49.99656236356924, -46.67514088188132, 0.31637165819948754, 2.1501694286303095, 0.020999819232158816, 0.010881496126041494, 3.8914501246848965, 0.010866833175857259, 0.030990123533620382, -40.022296054237074, 13.992228468977283, -63.309890132205666, 0.0005457321023856199, 16.962746063040825, 0.2334926493147286, 10.48774941087837, -55.72217344617732, 5.1832663262970184, 59.75522719826243]
gen	nevals	avg    	std    	min    	max        
1  	100   	304.869	154.808	64.1333	721.705    
2  	100   	11397.8	110288 	56.3604	1.10875e+06
3  	100   	27909.9	173072 	43.188 	1.10875e+06
4  	100   	50035.5	229816 	8.27277	1.10875e+06
5  	100   	88513.5	318573 	23.7838	2.15743e+06
6  	100   	27494.7	202377 	18.2328	2.15743e+06
7  	100   	49957.8	229837 	18.2328	1.10885e+06
8  	100   	33334.9	189122 	18.2328	1.10873e+06
9  	100   	5634.08	78196.3	28.5541	1.10873e+06
10 	100   	5661.43	78195  	26.3727	1.10874e+06
11 	100   	11230.4	110303 	23.5273	1.10873e+06
12 	100   	22335.4	155206 	24.9165	1.10892e+06
13 	100   	38685  	202212 	27.605 	1.10874e+06
14 	100   	111.467	41.8811	27.605 	298.068    
15 	100   	5621.41	78200.9	21.3759	1.10878e+06
16 	100   	87.5781	37.6432	21.3759	170.98     
17 	100   	74.1609	27.7375	21.3759	170.889    
18 	100   	66.5034	28.2327	21.3759	181.426    
19 	100   	53.9002	24.0478	21.3759	162.025    
20 	100   	44.2198	18.9022	17.8453	132.484    
21 	100   	45.819 	28.0695	17.8453	205.941    
22 	100   	60.6175	45.3265	17.6946	220.17     
23 	100   	60.0934	48.5425	14.6515	234.214    
24 	100   	76.8965	61.0132	14.6515	228.897    
25 	100   	58.0499	41.9135	14.6515	212.567    
26 	100   	67.2214	47.2825	13.0683	211.146    
27 	100   	52.5873	37.9202	15.1677	226.498    
28 	100   	48.66  	33.4065	6.75106	203.542    
29 	100   	56.2944	39.9235	6.75106	262.607    
30 	100   	30.5664	21.7391	6.21553	123.835    
31 	100   	48.2942	35.7276	6.21553	199.153    
32 	100   	46.0285	39.335 	6.21553	198.762    
33 	100   	59.9494	41.6121	7.53112	215.295    
34 	100   	57.5695	37.4337	7.53112	187.643    
35 	100   	35.8789	26.7193	7.53112	213.114    


[12.74691177202391, -30.00280530854859, 3.913930172296677, 0.4197916465310711, 0.12340716344768672, -49.27535479302131, -44.50994704626202, 0.3224055061975786, 1.4685394959113576, 0.02088595874965679, 0.009912557558339627, 3.984891039243997, 0.00955486259463766, 0.030999822878700685, -40.00692153741563, 13.995642814445697, -62.230758539682704, 0.0003424269413788598, 16.999885492689693, 0.28333012609827285, 10.168778605810191, -57.91480270762592, 2.965918150881254, 59.018088045022566]
gen	nevals	avg    	std    	min    	max        
1  	100   	304.869	154.808	64.1333	721.705    
2  	100   	11397.8	110288 	56.3604	1.10875e+06
3  	100   	27909.9	173072 	43.188 	1.10875e+06
4  	100   	50035.5	229816 	8.27277	1.10875e+06
5  	100   	88513.5	318573 	23.7838	2.15743e+06
6  	100   	27494.7	202377 	18.2328	2.15743e+06
7  	100   	49957.8	229837 	18.2328	1.10885e+06
8  	100   	33334.9	189122 	18.2328	1.10873e+06
9  	100   	5634.08	78196.3	28.5541	1.10873e+06
10 	100   	5661.43	78195  	26.3727	1.10874e+06
11 	100   	11230.4	110303 	23.5273	1.10873e+06
12 	100   	22335.4	155206 	24.9165	1.10892e+06
13 	100   	38685  	202212 	27.605 	1.10874e+06
14 	100   	111.467	41.8811	27.605 	298.068    
15 	100   	5621.41	78200.9	21.3759	1.10878e+06
16 	100   	87.5781	37.6432	21.3759	170.98     
17 	100   	74.1609	27.7375	21.3759	170.889    
18 	100   	66.5034	28.2327	21.3759	181.426    
19 	100   	53.9002	24.0478	21.3759	162.025    
20 	100   	44.2198	18.9022	17.8453	132.484    
21 	100   	45.819 	28.0695	17.8453	205.941    
22 	100   	60.6175	45.3265	17.6946	220.17     
23 	100   	60.0934	48.5425	14.6515	234.214    
24 	100   	76.8965	61.0132	14.6515	228.897    
25 	100   	58.0499	41.9135	14.6515	212.567    
26 	100   	67.2214	47.2825	13.0683	211.146    
27 	100   	52.5873	37.9202	15.1677	226.498    
28 	100   	48.66  	33.4065	6.75106	203.542    
29 	100   	56.2944	39.9235	6.75106	262.607    
30 	100   	30.5664	21.7391	6.21553	123.835    
31 	100   	48.2942	35.7276	6.21553	199.153    
32 	100   	46.0285	39.335 	6.21553	198.762    
33 	100   	59.9494	41.6121	7.53112	215.295    
34 	100   	57.5695	37.4337	7.53112	187.643    
35 	100   	35.8789	26.7193	7.53112	213.114    
36 	100   	38.5342	31.6785	3.66099	150.015    


[12.74691177202391, -30.00280530854859, 3.913930172296677, 0.4197916465310711, 0.12340716344768672, -49.27535479302131, -44.50994704626202, 0.3224055061975786, 1.4685394959113576, 0.02088595874965679, 0.009912557558339627, 3.984891039243997, 0.00955486259463766, 0.030999822878700685, -40.00692153741563, 13.995642814445697, -62.230758539682704, 0.0003424269413788598, 16.999885492689693, 0.28333012609827285, 10.168778605810191, -57.91480270762592, 2.965918150881254, 59.018088045022566]
gen	nevals	avg    	std    	min    	max        
1  	100   	304.869	154.808	64.1333	721.705    
2  	100   	11397.8	110288 	56.3604	1.10875e+06
3  	100   	27909.9	173072 	43.188 	1.10875e+06
4  	100   	50035.5	229816 	8.27277	1.10875e+06
5  	100   	88513.5	318573 	23.7838	2.15743e+06
6  	100   	27494.7	202377 	18.2328	2.15743e+06
7  	100   	49957.8	229837 	18.2328	1.10885e+06
8  	100   	33334.9	189122 	18.2328	1.10873e+06
9  	100   	5634.08	78196.3	28.5541	1.10873e+06
10 	100   	5661.43	78195  	26.3727	1.10874e+06
11 	100   	11230.4	110303 	23.5273	1.10873e+06
12 	100   	22335.4	155206 	24.9165	1.10892e+06
13 	100   	38685  	202212 	27.605 	1.10874e+06
14 	100   	111.467	41.8811	27.605 	298.068    
15 	100   	5621.41	78200.9	21.3759	1.10878e+06
16 	100   	87.5781	37.6432	21.3759	170.98     
17 	100   	74.1609	27.7375	21.3759	170.889    
18 	100   	66.5034	28.2327	21.3759	181.426    
19 	100   	53.9002	24.0478	21.3759	162.025    
20 	100   	44.2198	18.9022	17.8453	132.484    
21 	100   	45.819 	28.0695	17.8453	205.941    
22 	100   	60.6175	45.3265	17.6946	220.17     
23 	100   	60.0934	48.5425	14.6515	234.214    
24 	100   	76.8965	61.0132	14.6515	228.897    
25 	100   	58.0499	41.9135	14.6515	212.567    
26 	100   	67.2214	47.2825	13.0683	211.146    
27 	100   	52.5873	37.9202	15.1677	226.498    
28 	100   	48.66  	33.4065	6.75106	203.542    
29 	100   	56.2944	39.9235	6.75106	262.607    
30 	100   	30.5664	21.7391	6.21553	123.835    
31 	100   	48.2942	35.7276	6.21553	199.153    
32 	100   	46.0285	39.335 	6.21553	198.762    
33 	100   	59.9494	41.6121	7.53112	215.295    
34 	100   	57.5695	37.4337	7.53112	187.643    
35 	100   	35.8789	26.7193	7.53112	213.114    
36 	100   	38.5342	31.6785	3.66099	150.015    
37 	100   	42.964 	37.268 	8.24323	256.527    


[12.74691177202391, -30.00280530854859, 3.913930172296677, 0.4197916465310711, 0.12340716344768672, -49.27535479302131, -44.50994704626202, 0.3224055061975786, 1.4685394959113576, 0.02088595874965679, 0.009912557558339627, 3.984891039243997, 0.00955486259463766, 0.030999822878700685, -40.00692153741563, 13.995642814445697, -62.230758539682704, 0.0003424269413788598, 16.999885492689693, 0.28333012609827285, 10.168778605810191, -57.91480270762592, 2.965918150881254, 59.018088045022566]
gen	nevals	avg    	std    	min    	max        
1  	100   	304.869	154.808	64.1333	721.705    
2  	100   	11397.8	110288 	56.3604	1.10875e+06
3  	100   	27909.9	173072 	43.188 	1.10875e+06
4  	100   	50035.5	229816 	8.27277	1.10875e+06
5  	100   	88513.5	318573 	23.7838	2.15743e+06
6  	100   	27494.7	202377 	18.2328	2.15743e+06
7  	100   	49957.8	229837 	18.2328	1.10885e+06
8  	100   	33334.9	189122 	18.2328	1.10873e+06
9  	100   	5634.08	78196.3	28.5541	1.10873e+06
10 	100   	5661.43	78195  	26.3727	1.10874e+06
11 	100   	11230.4	110303 	23.5273	1.10873e+06
12 	100   	22335.4	155206 	24.9165	1.10892e+06
13 	100   	38685  	202212 	27.605 	1.10874e+06
14 	100   	111.467	41.8811	27.605 	298.068    
15 	100   	5621.41	78200.9	21.3759	1.10878e+06
16 	100   	87.5781	37.6432	21.3759	170.98     
17 	100   	74.1609	27.7375	21.3759	170.889    
18 	100   	66.5034	28.2327	21.3759	181.426    
19 	100   	53.9002	24.0478	21.3759	162.025    
20 	100   	44.2198	18.9022	17.8453	132.484    
21 	100   	45.819 	28.0695	17.8453	205.941    
22 	100   	60.6175	45.3265	17.6946	220.17     
23 	100   	60.0934	48.5425	14.6515	234.214    
24 	100   	76.8965	61.0132	14.6515	228.897    
25 	100   	58.0499	41.9135	14.6515	212.567    
26 	100   	67.2214	47.2825	13.0683	211.146    
27 	100   	52.5873	37.9202	15.1677	226.498    
28 	100   	48.66  	33.4065	6.75106	203.542    
29 	100   	56.2944	39.9235	6.75106	262.607    
30 	100   	30.5664	21.7391	6.21553	123.835    
31 	100   	48.2942	35.7276	6.21553	199.153    
32 	100   	46.0285	39.335 	6.21553	198.762    
33 	100   	59.9494	41.6121	7.53112	215.295    
34 	100   	57.5695	37.4337	7.53112	187.643    
35 	100   	35.8789	26.7193	7.53112	213.114    
36 	100   	38.5342	31.6785	3.66099	150.015    
37 	100   	42.964 	37.268 	8.24323	256.527    
38 	100   	49.7462	36.2797	7.88454	205.933    


[12.74691177202391, -30.00280530854859, 3.913930172296677, 0.4197916465310711, 0.12340716344768672, -49.27535479302131, -44.50994704626202, 0.3224055061975786, 1.4685394959113576, 0.02088595874965679, 0.009912557558339627, 3.984891039243997, 0.00955486259463766, 0.030999822878700685, -40.00692153741563, 13.995642814445697, -62.230758539682704, 0.0003424269413788598, 16.999885492689693, 0.28333012609827285, 10.168778605810191, -57.91480270762592, 2.965918150881254, 59.018088045022566]
gen	nevals	avg    	std    	min    	max        
1  	100   	304.869	154.808	64.1333	721.705    
2  	100   	11397.8	110288 	56.3604	1.10875e+06
3  	100   	27909.9	173072 	43.188 	1.10875e+06
4  	100   	50035.5	229816 	8.27277	1.10875e+06
5  	100   	88513.5	318573 	23.7838	2.15743e+06
6  	100   	27494.7	202377 	18.2328	2.15743e+06
7  	100   	49957.8	229837 	18.2328	1.10885e+06
8  	100   	33334.9	189122 	18.2328	1.10873e+06
9  	100   	5634.08	78196.3	28.5541	1.10873e+06
10 	100   	5661.43	78195  	26.3727	1.10874e+06
11 	100   	11230.4	110303 	23.5273	1.10873e+06
12 	100   	22335.4	155206 	24.9165	1.10892e+06
13 	100   	38685  	202212 	27.605 	1.10874e+06
14 	100   	111.467	41.8811	27.605 	298.068    
15 	100   	5621.41	78200.9	21.3759	1.10878e+06
16 	100   	87.5781	37.6432	21.3759	170.98     
17 	100   	74.1609	27.7375	21.3759	170.889    
18 	100   	66.5034	28.2327	21.3759	181.426    
19 	100   	53.9002	24.0478	21.3759	162.025    
20 	100   	44.2198	18.9022	17.8453	132.484    
21 	100   	45.819 	28.0695	17.8453	205.941    
22 	100   	60.6175	45.3265	17.6946	220.17     
23 	100   	60.0934	48.5425	14.6515	234.214    
24 	100   	76.8965	61.0132	14.6515	228.897    
25 	100   	58.0499	41.9135	14.6515	212.567    
26 	100   	67.2214	47.2825	13.0683	211.146    
27 	100   	52.5873	37.9202	15.1677	226.498    
28 	100   	48.66  	33.4065	6.75106	203.542    
29 	100   	56.2944	39.9235	6.75106	262.607    
30 	100   	30.5664	21.7391	6.21553	123.835    
31 	100   	48.2942	35.7276	6.21553	199.153    
32 	100   	46.0285	39.335 	6.21553	198.762    
33 	100   	59.9494	41.6121	7.53112	215.295    
34 	100   	57.5695	37.4337	7.53112	187.643    
35 	100   	35.8789	26.7193	7.53112	213.114    
36 	100   	38.5342	31.6785	3.66099	150.015    
37 	100   	42.964 	37.268 	8.24323	256.527    
38 	100   	49.7462	36.2797	7.88454	205.933    
39 	100   	43.7929	37.9203	7.36853	217.703    


[12.74691177202391, -30.00280530854859, 3.913930172296677, 0.4197916465310711, 0.12340716344768672, -49.27535479302131, -44.50994704626202, 0.3224055061975786, 1.4685394959113576, 0.02088595874965679, 0.009912557558339627, 3.984891039243997, 0.00955486259463766, 0.030999822878700685, -40.00692153741563, 13.995642814445697, -62.230758539682704, 0.0003424269413788598, 16.999885492689693, 0.28333012609827285, 10.168778605810191, -57.91480270762592, 2.965918150881254, 59.018088045022566]
gen	nevals	avg    	std    	min    	max        
1  	100   	304.869	154.808	64.1333	721.705    
2  	100   	11397.8	110288 	56.3604	1.10875e+06
3  	100   	27909.9	173072 	43.188 	1.10875e+06
4  	100   	50035.5	229816 	8.27277	1.10875e+06
5  	100   	88513.5	318573 	23.7838	2.15743e+06
6  	100   	27494.7	202377 	18.2328	2.15743e+06
7  	100   	49957.8	229837 	18.2328	1.10885e+06
8  	100   	33334.9	189122 	18.2328	1.10873e+06
9  	100   	5634.08	78196.3	28.5541	1.10873e+06
10 	100   	5661.43	78195  	26.3727	1.10874e+06
11 	100   	11230.4	110303 	23.5273	1.10873e+06
12 	100   	22335.4	155206 	24.9165	1.10892e+06
13 	100   	38685  	202212 	27.605 	1.10874e+06
14 	100   	111.467	41.8811	27.605 	298.068    
15 	100   	5621.41	78200.9	21.3759	1.10878e+06
16 	100   	87.5781	37.6432	21.3759	170.98     
17 	100   	74.1609	27.7375	21.3759	170.889    
18 	100   	66.5034	28.2327	21.3759	181.426    
19 	100   	53.9002	24.0478	21.3759	162.025    
20 	100   	44.2198	18.9022	17.8453	132.484    
21 	100   	45.819 	28.0695	17.8453	205.941    
22 	100   	60.6175	45.3265	17.6946	220.17     
23 	100   	60.0934	48.5425	14.6515	234.214    
24 	100   	76.8965	61.0132	14.6515	228.897    
25 	100   	58.0499	41.9135	14.6515	212.567    
26 	100   	67.2214	47.2825	13.0683	211.146    
27 	100   	52.5873	37.9202	15.1677	226.498    
28 	100   	48.66  	33.4065	6.75106	203.542    
29 	100   	56.2944	39.9235	6.75106	262.607    
30 	100   	30.5664	21.7391	6.21553	123.835    
31 	100   	48.2942	35.7276	6.21553	199.153    
32 	100   	46.0285	39.335 	6.21553	198.762    
33 	100   	59.9494	41.6121	7.53112	215.295    
34 	100   	57.5695	37.4337	7.53112	187.643    
35 	100   	35.8789	26.7193	7.53112	213.114    
36 	100   	38.5342	31.6785	3.66099	150.015    
37 	100   	42.964 	37.268 	8.24323	256.527    
38 	100   	49.7462	36.2797	7.88454	205.933    
39 	100   	43.7929	37.9203	7.36853	217.703    
40 	100   	59.2487	50.5325	5.25465	280.854    


[12.74691177202391, -30.00280530854859, 3.913930172296677, 0.4197916465310711, 0.12340716344768672, -49.27535479302131, -44.50994704626202, 0.3224055061975786, 1.4685394959113576, 0.02088595874965679, 0.009912557558339627, 3.984891039243997, 0.00955486259463766, 0.030999822878700685, -40.00692153741563, 13.995642814445697, -62.230758539682704, 0.0003424269413788598, 16.999885492689693, 0.28333012609827285, 10.168778605810191, -57.91480270762592, 2.965918150881254, 59.018088045022566]
gen	nevals	avg    	std    	min    	max        
1  	100   	304.869	154.808	64.1333	721.705    
2  	100   	11397.8	110288 	56.3604	1.10875e+06
3  	100   	27909.9	173072 	43.188 	1.10875e+06
4  	100   	50035.5	229816 	8.27277	1.10875e+06
5  	100   	88513.5	318573 	23.7838	2.15743e+06
6  	100   	27494.7	202377 	18.2328	2.15743e+06
7  	100   	49957.8	229837 	18.2328	1.10885e+06
8  	100   	33334.9	189122 	18.2328	1.10873e+06
9  	100   	5634.08	78196.3	28.5541	1.10873e+06
10 	100   	5661.43	78195  	26.3727	1.10874e+06
11 	100   	11230.4	110303 	23.5273	1.10873e+06
12 	100   	22335.4	155206 	24.9165	1.10892e+06
13 	100   	38685  	202212 	27.605 	1.10874e+06
14 	100   	111.467	41.8811	27.605 	298.068    
15 	100   	5621.41	78200.9	21.3759	1.10878e+06
16 	100   	87.5781	37.6432	21.3759	170.98     
17 	100   	74.1609	27.7375	21.3759	170.889    
18 	100   	66.5034	28.2327	21.3759	181.426    
19 	100   	53.9002	24.0478	21.3759	162.025    
20 	100   	44.2198	18.9022	17.8453	132.484    
21 	100   	45.819 	28.0695	17.8453	205.941    
22 	100   	60.6175	45.3265	17.6946	220.17     
23 	100   	60.0934	48.5425	14.6515	234.214    
24 	100   	76.8965	61.0132	14.6515	228.897    
25 	100   	58.0499	41.9135	14.6515	212.567    
26 	100   	67.2214	47.2825	13.0683	211.146    
27 	100   	52.5873	37.9202	15.1677	226.498    
28 	100   	48.66  	33.4065	6.75106	203.542    
29 	100   	56.2944	39.9235	6.75106	262.607    
30 	100   	30.5664	21.7391	6.21553	123.835    
31 	100   	48.2942	35.7276	6.21553	199.153    
32 	100   	46.0285	39.335 	6.21553	198.762    
33 	100   	59.9494	41.6121	7.53112	215.295    
34 	100   	57.5695	37.4337	7.53112	187.643    
35 	100   	35.8789	26.7193	7.53112	213.114    
36 	100   	38.5342	31.6785	3.66099	150.015    
37 	100   	42.964 	37.268 	8.24323	256.527    
38 	100   	49.7462	36.2797	7.88454	205.933    
39 	100   	43.7929	37.9203	7.36853	217.703    
40 	100   	59.2487	50.5325	5.25465	280.854    
41 	100   	45.6514	39.711 	7.99419	233.615    


[12.74691177202391, -30.00280530854859, 3.913930172296677, 0.4197916465310711, 0.12340716344768672, -49.27535479302131, -44.50994704626202, 0.3224055061975786, 1.4685394959113576, 0.02088595874965679, 0.009912557558339627, 3.984891039243997, 0.00955486259463766, 0.030999822878700685, -40.00692153741563, 13.995642814445697, -62.230758539682704, 0.0003424269413788598, 16.999885492689693, 0.28333012609827285, 10.168778605810191, -57.91480270762592, 2.965918150881254, 59.018088045022566]
gen	nevals	avg    	std    	min    	max        
1  	100   	304.869	154.808	64.1333	721.705    
2  	100   	11397.8	110288 	56.3604	1.10875e+06
3  	100   	27909.9	173072 	43.188 	1.10875e+06
4  	100   	50035.5	229816 	8.27277	1.10875e+06
5  	100   	88513.5	318573 	23.7838	2.15743e+06
6  	100   	27494.7	202377 	18.2328	2.15743e+06
7  	100   	49957.8	229837 	18.2328	1.10885e+06
8  	100   	33334.9	189122 	18.2328	1.10873e+06
9  	100   	5634.08	78196.3	28.5541	1.10873e+06
10 	100   	5661.43	78195  	26.3727	1.10874e+06
11 	100   	11230.4	110303 	23.5273	1.10873e+06
12 	100   	22335.4	155206 	24.9165	1.10892e+06
13 	100   	38685  	202212 	27.605 	1.10874e+06
14 	100   	111.467	41.8811	27.605 	298.068    
15 	100   	5621.41	78200.9	21.3759	1.10878e+06
16 	100   	87.5781	37.6432	21.3759	170.98     
17 	100   	74.1609	27.7375	21.3759	170.889    
18 	100   	66.5034	28.2327	21.3759	181.426    
19 	100   	53.9002	24.0478	21.3759	162.025    
20 	100   	44.2198	18.9022	17.8453	132.484    
21 	100   	45.819 	28.0695	17.8453	205.941    
22 	100   	60.6175	45.3265	17.6946	220.17     
23 	100   	60.0934	48.5425	14.6515	234.214    
24 	100   	76.8965	61.0132	14.6515	228.897    
25 	100   	58.0499	41.9135	14.6515	212.567    
26 	100   	67.2214	47.2825	13.0683	211.146    
27 	100   	52.5873	37.9202	15.1677	226.498    
28 	100   	48.66  	33.4065	6.75106	203.542    
29 	100   	56.2944	39.9235	6.75106	262.607    
30 	100   	30.5664	21.7391	6.21553	123.835    
31 	100   	48.2942	35.7276	6.21553	199.153    
32 	100   	46.0285	39.335 	6.21553	198.762    
33 	100   	59.9494	41.6121	7.53112	215.295    
34 	100   	57.5695	37.4337	7.53112	187.643    
35 	100   	35.8789	26.7193	7.53112	213.114    
36 	100   	38.5342	31.6785	3.66099	150.015    
37 	100   	42.964 	37.268 	8.24323	256.527    
38 	100   	49.7462	36.2797	7.88454	205.933    
39 	100   	43.7929	37.9203	7.36853	217.703    
40 	100   	59.2487	50.5325	5.25465	280.854    
41 	100   	45.6514	39.711 	7.99419	233.615    
42 	100   	50.7758	45.8639	7.99419	220.956    


[12.74691177202391, -30.00280530854859, 3.913930172296677, 0.4197916465310711, 0.12340716344768672, -49.27535479302131, -44.50994704626202, 0.3224055061975786, 1.4685394959113576, 0.02088595874965679, 0.009912557558339627, 3.984891039243997, 0.00955486259463766, 0.030999822878700685, -40.00692153741563, 13.995642814445697, -62.230758539682704, 0.0003424269413788598, 16.999885492689693, 0.28333012609827285, 10.168778605810191, -57.91480270762592, 2.965918150881254, 59.018088045022566]
gen	nevals	avg    	std    	min    	max        
1  	100   	304.869	154.808	64.1333	721.705    
2  	100   	11397.8	110288 	56.3604	1.10875e+06
3  	100   	27909.9	173072 	43.188 	1.10875e+06
4  	100   	50035.5	229816 	8.27277	1.10875e+06
5  	100   	88513.5	318573 	23.7838	2.15743e+06
6  	100   	27494.7	202377 	18.2328	2.15743e+06
7  	100   	49957.8	229837 	18.2328	1.10885e+06
8  	100   	33334.9	189122 	18.2328	1.10873e+06
9  	100   	5634.08	78196.3	28.5541	1.10873e+06
10 	100   	5661.43	78195  	26.3727	1.10874e+06
11 	100   	11230.4	110303 	23.5273	1.10873e+06
12 	100   	22335.4	155206 	24.9165	1.10892e+06
13 	100   	38685  	202212 	27.605 	1.10874e+06
14 	100   	111.467	41.8811	27.605 	298.068    
15 	100   	5621.41	78200.9	21.3759	1.10878e+06
16 	100   	87.5781	37.6432	21.3759	170.98     
17 	100   	74.1609	27.7375	21.3759	170.889    
18 	100   	66.5034	28.2327	21.3759	181.426    
19 	100   	53.9002	24.0478	21.3759	162.025    
20 	100   	44.2198	18.9022	17.8453	132.484    
21 	100   	45.819 	28.0695	17.8453	205.941    
22 	100   	60.6175	45.3265	17.6946	220.17     
23 	100   	60.0934	48.5425	14.6515	234.214    
24 	100   	76.8965	61.0132	14.6515	228.897    
25 	100   	58.0499	41.9135	14.6515	212.567    
26 	100   	67.2214	47.2825	13.0683	211.146    
27 	100   	52.5873	37.9202	15.1677	226.498    
28 	100   	48.66  	33.4065	6.75106	203.542    
29 	100   	56.2944	39.9235	6.75106	262.607    
30 	100   	30.5664	21.7391	6.21553	123.835    
31 	100   	48.2942	35.7276	6.21553	199.153    
32 	100   	46.0285	39.335 	6.21553	198.762    
33 	100   	59.9494	41.6121	7.53112	215.295    
34 	100   	57.5695	37.4337	7.53112	187.643    
35 	100   	35.8789	26.7193	7.53112	213.114    
36 	100   	38.5342	31.6785	3.66099	150.015    
37 	100   	42.964 	37.268 	8.24323	256.527    
38 	100   	49.7462	36.2797	7.88454	205.933    
39 	100   	43.7929	37.9203	7.36853	217.703    
40 	100   	59.2487	50.5325	5.25465	280.854    
41 	100   	45.6514	39.711 	7.99419	233.615    
42 	100   	50.7758	45.8639	7.99419	220.956    
43 	100   	58.0889	49.9957	7.94281	238.392    


