[20.48235713534935, -28.36731682890114, 8.37372662342582, 0.9472308539586578, 0.47116933232877334, -29.578761746074875, -96.26275732938129, 0.7993204227300343, 8.145452434695352, 0.009741974817295974, 0.0038406287837444357, 6.575626292380864, 0.005338296107745887, 0.042079265121427734, -26.63724876036747, 8.869069147487622, -24.163725362656663, 0.05460862988956904, 48.77797100625122, 0.6180029677441949, 82.31264488492461, -85.66913457015679, 8.706127587462131, 58.7539167690346]
gen	nevals	avg    	std        	min    	max  
1  	150   	4.8e+16	9.79796e+15	177.159	5e+16


[20.48235713534935, -28.36731682890114, 8.37372662342582, 0.9472308539586578, 0.47116933232877334, -29.578761746074875, -96.26275732938129, 0.7993204227300343, 8.145452434695352, 0.009741974817295974, 0.0038406287837444357, 6.575626292380864, 0.005338296107745887, 0.042079265121427734, -26.63724876036747, 8.869069147487622, -24.163725362656663, 0.05460862988956904, 48.77797100625122, 0.6180029677441949, 82.31264488492461, -85.66913457015679, 8.706127587462131, 58.7539167690346]
gen	nevals	avg        	std        	min    	max  
1  	150   	4.8e+16    	9.79796e+15	177.159	5e+16
2  	150   	4.83333e+16	8.97527e+15	177.159	5e+16


[20.48235713534935, -28.36731682890114, 8.37372662342582, 0.9472308539586578, 0.47116933232877334, -29.578761746074875, -96.26275732938129, 0.7993204227300343, 8.145452434695352, 0.009741974817295974, 0.0038406287837444357, 6.575626292380864, 0.005338296107745887, 0.042079265121427734, -26.63724876036747, 8.869069147487622, -24.163725362656663, 0.05460862988956904, 48.77797100625122, 0.6180029677441949, 82.31264488492461, -85.66913457015679, 8.706127587462131, 58.7539167690346]
gen	nevals	avg        	std        	min    	max  
1  	150   	4.8e+16    	9.79796e+15	177.159	5e+16
2  	150   	4.83333e+16	8.97527e+15	177.159	5e+16
3  	150   	4.53333e+16	1.45449e+16	177.159	5e+16


[20.48235713534935, -35.904507305177916, 8.37372662342582, 0.9761231548933381, 0.7013933275925895, -33.99574227191831, -88.41024120758001, 0.953361646709864, 7.698000973271477, 0.009741974817295974, 0.00030471490094184303, 6.575626292380864, 0.004875046820078359, 0.043540659757381625, -37.51868104051964, 8.711516704387071, -24.163725362656663, 0.054923707448254075, 39.62298899795837, 0.7794341557556891, 82.31264488492461, -85.66913457015679, 15.88514021084042, 55.970456999842455]
gen	nevals	avg        	std        	min    	max  
1  	150   	4.8e+16    	9.79796e+15	177.159	5e+16
2  	150   	4.83333e+16	8.97527e+15	177.159	5e+16
3  	150   	4.53333e+16	1.45449e+16	177.159	5e+16
4  	150   	3.93333e+16	2.04831e+16	22.3008	5e+16


[20.48235713534935, -35.904507305177916, 8.37372662342582, 0.9761231548933381, 0.7013933275925895, -33.99574227191831, -88.41024120758001, 0.953361646709864, 7.698000973271477, 0.009741974817295974, 0.00030471490094184303, 6.575626292380864, 0.004875046820078359, 0.043540659757381625, -37.51868104051964, 8.711516704387071, -24.163725362656663, 0.054923707448254075, 39.62298899795837, 0.7794341557556891, 82.31264488492461, -85.66913457015679, 15.88514021084042, 55.970456999842455]
gen	nevals	avg        	std        	min    	max  
1  	150   	4.8e+16    	9.79796e+15	177.159	5e+16
2  	150   	4.83333e+16	8.97527e+15	177.159	5e+16
3  	150   	4.53333e+16	1.45449e+16	177.159	5e+16
4  	150   	3.93333e+16	2.04831e+16	22.3008	5e+16
5  	150   	2.66667e+16	2.49444e+16	22.3008	5e+16


[25.184176220788913, -44.36250023190909, 3.438759812641134, 0.8329856374651441, 0.9239671525636051, -67.2622959725546, -90.96957971038609, 5.573973820685649, 4.178401802625931, 0.04547200584979599, 0.057272645763532054, 6.329827923609157, 0.09013811412355692, 0.009811210150609888, -40.20172188179839, 3.6677515690254787, -59.58515190383481, 0.0009718836282795471, 26.774100657308345, 0.6025948631449012, 57.7273336319263, -77.92711742990093, -13.044912776439933, 53.65013303963034]
gen	nevals	avg        	std        	min    	max  
1  	150   	4.8e+16    	9.79796e+15	177.159	5e+16
2  	150   	4.83333e+16	8.97527e+15	177.159	5e+16
3  	150   	4.53333e+16	1.45449e+16	177.159	5e+16
4  	150   	3.93333e+16	2.04831e+16	22.3008	5e+16
5  	150   	2.66667e+16	2.49444e+16	22.3008	5e+16
6  	150   	1.56667e+16	2.31924e+16	20.8779	5e+16


[25.184176220788913, -44.36250023190909, 3.438759812641134, 0.8329856374651441, 0.9239671525636051, -67.2622959725546, -90.96957971038609, 5.573973820685649, 4.178401802625931, 0.04547200584979599, 0.057272645763532054, 6.329827923609157, 0.09013811412355692, 0.009811210150609888, -40.20172188179839, 3.6677515690254787, -59.58515190383481, 0.0009718836282795471, 26.774100657308345, 0.6025948631449012, 57.7273336319263, -77.92711742990093, -13.044912776439933, 53.65013303963034]
gen	nevals	avg        	std        	min    	max  
1  	150   	4.8e+16    	9.79796e+15	177.159	5e+16
2  	150   	4.83333e+16	8.97527e+15	177.159	5e+16
3  	150   	4.53333e+16	1.45449e+16	177.159	5e+16
4  	150   	3.93333e+16	2.04831e+16	22.3008	5e+16
5  	150   	2.66667e+16	2.49444e+16	22.3008	5e+16
6  	150   	1.56667e+16	2.31924e+16	20.8779	5e+16
7  	150   	1.35e+16   	2.2198e+16 	20.8779	5e+16


[18.69122629242912, -38.47320612132842, 4.739175028278086, 0.82489468175979, 0.8206836721450298, -86.96032183042254, -56.972346193465356, 8.5666772624988, 4.108894452904156, 0.012260448624083655, 0.06958931724525688, 4.3860523143978085, 0.09460436375492107, 0.003126529751216991, -36.17316701033969, 1.6764720551360535, -49.07384626755758, 0.04093405694830998, 26.579191859904398, 0.5122460472825281, 32.041434220526405, -68.59325435251137, 1.7137131553800664, 55.62305874124821]
gen	nevals	avg        	std        	min    	max  
1  	150   	4.8e+16    	9.79796e+15	177.159	5e+16
2  	150   	4.83333e+16	8.97527e+15	177.159	5e+16
3  	150   	4.53333e+16	1.45449e+16	177.159	5e+16
4  	150   	3.93333e+16	2.04831e+16	22.3008	5e+16
5  	150   	2.66667e+16	2.49444e+16	22.3008	5e+16
6  	150   	1.56667e+16	2.31924e+16	20.8779	5e+16
7  	150   	1.35e+16   	2.2198e+16 	20.8779	5e+16
8  	150   	1.25e+16   	2.16506e+16	3.66946	5e+16


[18.69122629242912, -38.47320612132842, 4.739175028278086, 0.82489468175979, 0.8206836721450298, -86.96032183042254, -56.972346193465356, 8.5666772624988, 4.108894452904156, 0.012260448624083655, 0.06958931724525688, 4.3860523143978085, 0.09460436375492107, 0.003126529751216991, -36.17316701033969, 1.6764720551360535, -49.07384626755758, 0.04093405694830998, 26.579191859904398, 0.5122460472825281, 32.041434220526405, -68.59325435251137, 1.7137131553800664, 55.62305874124821]
gen	nevals	avg        	std        	min    	max  
1  	150   	4.8e+16    	9.79796e+15	177.159	5e+16
2  	150   	4.83333e+16	8.97527e+15	177.159	5e+16
3  	150   	4.53333e+16	1.45449e+16	177.159	5e+16
4  	150   	3.93333e+16	2.04831e+16	22.3008	5e+16
5  	150   	2.66667e+16	2.49444e+16	22.3008	5e+16
6  	150   	1.56667e+16	2.31924e+16	20.8779	5e+16
7  	150   	1.35e+16   	2.2198e+16 	20.8779	5e+16
8  	150   	1.25e+16   	2.16506e+16	3.66946	5e+16
9  	150   	1.13333e+16	2.09338e+16	3.66946	5e+16


[18.5610892621609, -41.823500806840705, 8.062243667407815, 0.7624670282752584, 0.8659558475729795, -41.35020322436802, -74.76257099800284, 5.5106955253849925, 4.893918989562735, 0.07075991823276322, 0.08117044315703073, 4.9089115573466415, 0.09582895265465441, 0.007482755356407728, -37.27174205467751, 3.953237415323329, -54.61585464586376, 0.003927080492648789, 1.5540119547812505, 0.3143945342807353, 80.36928291192785, -88.80134911608519, 14.650656075363063, 52.97791684750663]
gen	nevals	avg        	std        	min    	max  
1  	150   	4.8e+16    	9.79796e+15	177.159	5e+16
2  	150   	4.83333e+16	8.97527e+15	177.159	5e+16
3  	150   	4.53333e+16	1.45449e+16	177.159	5e+16
4  	150   	3.93333e+16	2.04831e+16	22.3008	5e+16
5  	150   	2.66667e+16	2.49444e+16	22.3008	5e+16
6  	150   	1.56667e+16	2.31924e+16	20.8779	5e+16
7  	150   	1.35e+16   	2.2198e+16 	20.8779	5e+16
8  	150   	1.25e+16   	2.16506e+16	3.66946	5e+16
9  	150   	1.13333e+16	2.09338e+16	3.66946	5e+16
10 	150   	7.83333e+15	1.81743e+16	2.56047	5e+16


[24.709718171632325, -46.622229172876445, 6.952099380400345, 0.9956866575299966, 0.939516602063427, -28.61923598510619, -69.1150056923145, 5.422693847663866, 3.4948963579251053, 0.04122346130495974, 0.06589985406603824, 6.760436705420555, 0.007902484674094571, 0.006188357302714545, -36.81971143405615, 7.322581566196136, -52.058403077600765, 0.04603327994839079, 19.20654232474311, 0.6025948631449012, 83.17105139360012, -58.37461428691957, 11.286147677351432, 53.37431102381965]
gen	nevals	avg        	std        	min    	max  
1  	150   	4.8e+16    	9.79796e+15	177.159	5e+16
2  	150   	4.83333e+16	8.97527e+15	177.159	5e+16
3  	150   	4.53333e+16	1.45449e+16	177.159	5e+16
4  	150   	3.93333e+16	2.04831e+16	22.3008	5e+16
5  	150   	2.66667e+16	2.49444e+16	22.3008	5e+16
6  	150   	1.56667e+16	2.31924e+16	20.8779	5e+16
7  	150   	1.35e+16   	2.2198e+16 	20.8779	5e+16
8  	150   	1.25e+16   	2.16506e+16	3.66946	5e+16
9  	150   	1.13333e+16	2.09338e+16	3.66946	5e+16
10 	150   	7.83333e+15	1.81743e+16	2.56047	5e+16
11 	150   	6e+15      	1.62481e+16	1.34694	5e+16


[24.709718171632325, -46.622229172876445, 6.952099380400345, 0.9956866575299966, 0.939516602063427, -28.61923598510619, -69.1150056923145, 5.422693847663866, 3.4948963579251053, 0.04122346130495974, 0.06589985406603824, 6.760436705420555, 0.007902484674094571, 0.006188357302714545, -36.81971143405615, 7.322581566196136, -52.058403077600765, 0.04603327994839079, 19.20654232474311, 0.6025948631449012, 83.17105139360012, -58.37461428691957, 11.286147677351432, 53.37431102381965]
gen	nevals	avg        	std        	min    	max  
1  	150   	4.8e+16    	9.79796e+15	177.159	5e+16
2  	150   	4.83333e+16	8.97527e+15	177.159	5e+16
3  	150   	4.53333e+16	1.45449e+16	177.159	5e+16
4  	150   	3.93333e+16	2.04831e+16	22.3008	5e+16
5  	150   	2.66667e+16	2.49444e+16	22.3008	5e+16
6  	150   	1.56667e+16	2.31924e+16	20.8779	5e+16
7  	150   	1.35e+16   	2.2198e+16 	20.8779	5e+16
8  	150   	1.25e+16   	2.16506e+16	3.66946	5e+16
9  	150   	1.13333e+16	2.09338e+16	3.66946	5e+16
10 	150   	7.83333e+15	1.81743e+16	2.56047	5e+16
11 	150   	6e+15      	1.62481e+16	1.34694	5e+16
12 	150   	7.16667e+15	1.75206e+16	2.01888	5e+16


[24.709718171632325, -46.622229172876445, 6.952099380400345, 0.9956866575299966, 0.939516602063427, -28.61923598510619, -69.1150056923145, 5.422693847663866, 3.4948963579251053, 0.04122346130495974, 0.06589985406603824, 6.760436705420555, 0.007902484674094571, 0.006188357302714545, -36.81971143405615, 7.322581566196136, -52.058403077600765, 0.04603327994839079, 19.20654232474311, 0.6025948631449012, 83.17105139360012, -58.37461428691957, 11.286147677351432, 53.37431102381965]
gen	nevals	avg        	std        	min    	max  
1  	150   	4.8e+16    	9.79796e+15	177.159	5e+16
2  	150   	4.83333e+16	8.97527e+15	177.159	5e+16
3  	150   	4.53333e+16	1.45449e+16	177.159	5e+16
4  	150   	3.93333e+16	2.04831e+16	22.3008	5e+16
5  	150   	2.66667e+16	2.49444e+16	22.3008	5e+16
6  	150   	1.56667e+16	2.31924e+16	20.8779	5e+16
7  	150   	1.35e+16   	2.2198e+16 	20.8779	5e+16
8  	150   	1.25e+16   	2.16506e+16	3.66946	5e+16
9  	150   	1.13333e+16	2.09338e+16	3.66946	5e+16
10 	150   	7.83333e+15	1.81743e+16	2.56047	5e+16
11 	150   	6e+15      	1.62481e+16	1.34694	5e+16
12 	150   	7.16667e+15	1.75206e+16	2.01888	5e+16
13 	150   	5.83333e+15	1.60511e+16	2.01888	5e+16


[24.709718171632325, -46.622229172876445, 6.952099380400345, 0.9956866575299966, 0.939516602063427, -28.61923598510619, -69.1150056923145, 5.422693847663866, 3.4948963579251053, 0.04122346130495974, 0.06589985406603824, 6.760436705420555, 0.007902484674094571, 0.006188357302714545, -36.81971143405615, 7.322581566196136, -52.058403077600765, 0.04603327994839079, 19.20654232474311, 0.6025948631449012, 83.17105139360012, -58.37461428691957, 11.286147677351432, 53.37431102381965]
gen	nevals	avg        	std        	min    	max  
1  	150   	4.8e+16    	9.79796e+15	177.159	5e+16
2  	150   	4.83333e+16	8.97527e+15	177.159	5e+16
3  	150   	4.53333e+16	1.45449e+16	177.159	5e+16
4  	150   	3.93333e+16	2.04831e+16	22.3008	5e+16
5  	150   	2.66667e+16	2.49444e+16	22.3008	5e+16
6  	150   	1.56667e+16	2.31924e+16	20.8779	5e+16
7  	150   	1.35e+16   	2.2198e+16 	20.8779	5e+16
8  	150   	1.25e+16   	2.16506e+16	3.66946	5e+16
9  	150   	1.13333e+16	2.09338e+16	3.66946	5e+16
10 	150   	7.83333e+15	1.81743e+16	2.56047	5e+16
11 	150   	6e+15      	1.62481e+16	1.34694	5e+16
12 	150   	7.16667e+15	1.75206e+16	2.01888	5e+16
13 	150   	5.83333e+15	1.60511e+16	2.01888	5e+16
14 	150   	4.66667e+15	1.45449e+16	1.65077	5e+16


[18.69122629242912, -38.47132378043778, 4.189086258655911, 0.82489468175979, 0.8206836721450298, -86.96032183042254, -57.23859785549133, 9.799116941326828, 3.906949015639949, 0.019057590233931596, 0.06152132191630439, 4.5219466264409505, 0.08741627745854251, 0.0031838903845721462, -36.17316701033969, 7.9262281610174306, -13.023551587761041, 0.04097618181626807, 31.07010603587635, 0.5084696290363858, 26.555834467700404, -69.96018191976263, 22.494992810583298, 55.52858942147881]
gen	nevals	avg        	std        	min    	max  
1  	150   	4.8e+16    	9.79796e+15	177.159	5e+16
2  	150   	4.83333e+16	8.97527e+15	177.159	5e+16
3  	150   	4.53333e+16	1.45449e+16	177.159	5e+16
4  	150   	3.93333e+16	2.04831e+16	22.3008	5e+16
5  	150   	2.66667e+16	2.49444e+16	22.3008	5e+16
6  	150   	1.56667e+16	2.31924e+16	20.8779	5e+16
7  	150   	1.35e+16   	2.2198e+16 	20.8779	5e+16
8  	150   	1.25e+16   	2.16506e+16	3.66946	5e+16
9  	150   	1.13333e+16	2.09338e+16	3.66946	5e+16
10 	150   	7.83333e+15	1.81743e+16	2.56047	5e+16
11 	150   	6e+15      	1.62481e+16	1.34694	5e+16
12 	150   	7.16667e+15	1.75206e+16	2.01888	5e+16
13 	150   	5.83333e+15	1.60511e+16	2.01888	5e+16
14 	150   	4.66667e+15	1.45449e+16	1.65077	5e+16
15 	150   	5.66667e+15	1.585e+16  	1.15968	5e+16


[12.46347908285583, -33.20495547312059, 4.739175028278086, 0.9460967848736676, 0.867108718136786, -88.21391347624512, -56.972346193465356, 8.218402701461255, 4.108894452904156, 0.011300518147735769, 0.06829792130366431, 4.3860523143978085, 0.08759344935469109, 0.003126529751216991, -36.205528824492504, 8.693415172846294, -48.26557278305894, 0.04095321511779208, 32.54439986152347, 0.4871434829065453, 24.93248767691089, -69.40868897486403, 1.4666405432746927, 55.934083854842754]
gen	nevals	avg        	std        	min     	max  
1  	150   	4.8e+16    	9.79796e+15	177.159 	5e+16
2  	150   	4.83333e+16	8.97527e+15	177.159 	5e+16
3  	150   	4.53333e+16	1.45449e+16	177.159 	5e+16
4  	150   	3.93333e+16	2.04831e+16	22.3008 	5e+16
5  	150   	2.66667e+16	2.49444e+16	22.3008 	5e+16
6  	150   	1.56667e+16	2.31924e+16	20.8779 	5e+16
7  	150   	1.35e+16   	2.2198e+16 	20.8779 	5e+16
8  	150   	1.25e+16   	2.16506e+16	3.66946 	5e+16
9  	150   	1.13333e+16	2.09338e+16	3.66946 	5e+16
10 	150   	7.83333e+15	1.81743e+16	2.56047 	5e+16
11 	150   	6e+15      	1.62481e+16	1.34694 	5e+16
12 	150   	7.16667e+15	1.75206e+16	2.01888 	5e+16
13 	150   	5.83333e+15	1.60511e+16	2.01888 	5e+16
14 	150   	4.66667e+15	1.45449e+16	1.65077 	5e+16
15 	150   	5.66667e+15	1.585e+16  	1.15968 	5e+16
16 	150   	6e+15      	1.62481e+16	0.908411	5e+16


[12.46347908285583, -33.20495547312059, 4.739175028278086, 0.9460967848736676, 0.867108718136786, -88.21391347624512, -56.972346193465356, 8.218402701461255, 4.108894452904156, 0.011300518147735769, 0.06829792130366431, 4.3860523143978085, 0.08759344935469109, 0.003126529751216991, -36.205528824492504, 8.693415172846294, -48.26557278305894, 0.04095321511779208, 32.54439986152347, 0.4871434829065453, 24.93248767691089, -69.40868897486403, 1.4666405432746927, 55.934083854842754]
gen	nevals	avg        	std        	min     	max  
1  	150   	4.8e+16    	9.79796e+15	177.159 	5e+16
2  	150   	4.83333e+16	8.97527e+15	177.159 	5e+16
3  	150   	4.53333e+16	1.45449e+16	177.159 	5e+16
4  	150   	3.93333e+16	2.04831e+16	22.3008 	5e+16
5  	150   	2.66667e+16	2.49444e+16	22.3008 	5e+16
6  	150   	1.56667e+16	2.31924e+16	20.8779 	5e+16
7  	150   	1.35e+16   	2.2198e+16 	20.8779 	5e+16
8  	150   	1.25e+16   	2.16506e+16	3.66946 	5e+16
9  	150   	1.13333e+16	2.09338e+16	3.66946 	5e+16
10 	150   	7.83333e+15	1.81743e+16	2.56047 	5e+16
11 	150   	6e+15      	1.62481e+16	1.34694 	5e+16
12 	150   	7.16667e+15	1.75206e+16	2.01888 	5e+16
13 	150   	5.83333e+15	1.60511e+16	2.01888 	5e+16
14 	150   	4.66667e+15	1.45449e+16	1.65077 	5e+16
15 	150   	5.66667e+15	1.585e+16  	1.15968 	5e+16
16 	150   	6e+15      	1.62481e+16	0.908411	5e+16
17 	150   	5.66667e+15	1.585e+16  	1.15968 	5e+16


[12.46347908285583, -33.20495547312059, 4.739175028278086, 0.9460967848736676, 0.867108718136786, -88.21391347624512, -56.972346193465356, 8.218402701461255, 4.108894452904156, 0.011300518147735769, 0.06829792130366431, 4.3860523143978085, 0.08759344935469109, 0.003126529751216991, -36.205528824492504, 8.693415172846294, -48.26557278305894, 0.04095321511779208, 32.54439986152347, 0.4871434829065453, 24.93248767691089, -69.40868897486403, 1.4666405432746927, 55.934083854842754]
gen	nevals	avg        	std        	min     	max  
1  	150   	4.8e+16    	9.79796e+15	177.159 	5e+16
2  	150   	4.83333e+16	8.97527e+15	177.159 	5e+16
3  	150   	4.53333e+16	1.45449e+16	177.159 	5e+16
4  	150   	3.93333e+16	2.04831e+16	22.3008 	5e+16
5  	150   	2.66667e+16	2.49444e+16	22.3008 	5e+16
6  	150   	1.56667e+16	2.31924e+16	20.8779 	5e+16
7  	150   	1.35e+16   	2.2198e+16 	20.8779 	5e+16
8  	150   	1.25e+16   	2.16506e+16	3.66946 	5e+16
9  	150   	1.13333e+16	2.09338e+16	3.66946 	5e+16
10 	150   	7.83333e+15	1.81743e+16	2.56047 	5e+16
11 	150   	6e+15      	1.62481e+16	1.34694 	5e+16
12 	150   	7.16667e+15	1.75206e+16	2.01888 	5e+16
13 	150   	5.83333e+15	1.60511e+16	2.01888 	5e+16
14 	150   	4.66667e+15	1.45449e+16	1.65077 	5e+16
15 	150   	5.66667e+15	1.585e+16  	1.15968 	5e+16
16 	150   	6e+15      	1.62481e+16	0.908411	5e+16
17 	150   	5.66667e+15	1.585e+16  	1.15968 	5e+16
18 	150   	7.66667e+15	1.80154e+16	1.15968 	5e+16


[12.46347908285583, -33.20495547312059, 4.739175028278086, 0.9460967848736676, 0.867108718136786, -88.21391347624512, -56.972346193465356, 8.218402701461255, 4.108894452904156, 0.011300518147735769, 0.06829792130366431, 4.3860523143978085, 0.08759344935469109, 0.003126529751216991, -36.205528824492504, 8.693415172846294, -48.26557278305894, 0.04095321511779208, 32.54439986152347, 0.4871434829065453, 24.93248767691089, -69.40868897486403, 1.4666405432746927, 55.934083854842754]
gen	nevals	avg        	std        	min     	max  
1  	150   	4.8e+16    	9.79796e+15	177.159 	5e+16
2  	150   	4.83333e+16	8.97527e+15	177.159 	5e+16
3  	150   	4.53333e+16	1.45449e+16	177.159 	5e+16
4  	150   	3.93333e+16	2.04831e+16	22.3008 	5e+16
5  	150   	2.66667e+16	2.49444e+16	22.3008 	5e+16
6  	150   	1.56667e+16	2.31924e+16	20.8779 	5e+16
7  	150   	1.35e+16   	2.2198e+16 	20.8779 	5e+16
8  	150   	1.25e+16   	2.16506e+16	3.66946 	5e+16
9  	150   	1.13333e+16	2.09338e+16	3.66946 	5e+16
10 	150   	7.83333e+15	1.81743e+16	2.56047 	5e+16
11 	150   	6e+15      	1.62481e+16	1.34694 	5e+16
12 	150   	7.16667e+15	1.75206e+16	2.01888 	5e+16
13 	150   	5.83333e+15	1.60511e+16	2.01888 	5e+16
14 	150   	4.66667e+15	1.45449e+16	1.65077 	5e+16
15 	150   	5.66667e+15	1.585e+16  	1.15968 	5e+16
16 	150   	6e+15      	1.62481e+16	0.908411	5e+16
17 	150   	5.66667e+15	1.585e+16  	1.15968 	5e+16
18 	150   	7.66667e+15	1.80154e+16	1.15968 	5e+16
19 	150   	7.33333e+15	1.76887e+16	1.15968 	5e+16


[12.46347908285583, -33.20495547312059, 4.739175028278086, 0.9460967848736676, 0.867108718136786, -88.21391347624512, -56.972346193465356, 8.218402701461255, 4.108894452904156, 0.011300518147735769, 0.06829792130366431, 4.3860523143978085, 0.08759344935469109, 0.003126529751216991, -36.205528824492504, 8.693415172846294, -48.26557278305894, 0.04095321511779208, 32.54439986152347, 0.4871434829065453, 24.93248767691089, -69.40868897486403, 1.4666405432746927, 55.934083854842754]
gen	nevals	avg        	std        	min     	max  
1  	150   	4.8e+16    	9.79796e+15	177.159 	5e+16
2  	150   	4.83333e+16	8.97527e+15	177.159 	5e+16
3  	150   	4.53333e+16	1.45449e+16	177.159 	5e+16
4  	150   	3.93333e+16	2.04831e+16	22.3008 	5e+16
5  	150   	2.66667e+16	2.49444e+16	22.3008 	5e+16
6  	150   	1.56667e+16	2.31924e+16	20.8779 	5e+16
7  	150   	1.35e+16   	2.2198e+16 	20.8779 	5e+16
8  	150   	1.25e+16   	2.16506e+16	3.66946 	5e+16
9  	150   	1.13333e+16	2.09338e+16	3.66946 	5e+16
10 	150   	7.83333e+15	1.81743e+16	2.56047 	5e+16
11 	150   	6e+15      	1.62481e+16	1.34694 	5e+16
12 	150   	7.16667e+15	1.75206e+16	2.01888 	5e+16
13 	150   	5.83333e+15	1.60511e+16	2.01888 	5e+16
14 	150   	4.66667e+15	1.45449e+16	1.65077 	5e+16
15 	150   	5.66667e+15	1.585e+16  	1.15968 	5e+16
16 	150   	6e+15      	1.62481e+16	0.908411	5e+16
17 	150   	5.66667e+15	1.585e+16  	1.15968 	5e+16
18 	150   	7.66667e+15	1.80154e+16	1.15968 	5e+16
19 	150   	7.33333e+15	1.76887e+16	1.15968 	5e+16
20 	150   	3.33333e+15	1.24722e+16	1.15968 	5e+16


[12.46347908285583, -33.20495547312059, 4.739175028278086, 0.9460967848736676, 0.867108718136786, -88.21391347624512, -56.972346193465356, 8.218402701461255, 4.108894452904156, 0.011300518147735769, 0.06829792130366431, 4.3860523143978085, 0.08759344935469109, 0.003126529751216991, -36.205528824492504, 8.693415172846294, -48.26557278305894, 0.04095321511779208, 32.54439986152347, 0.4871434829065453, 24.93248767691089, -69.40868897486403, 1.4666405432746927, 55.934083854842754]
gen	nevals	avg        	std        	min     	max  
1  	150   	4.8e+16    	9.79796e+15	177.159 	5e+16
2  	150   	4.83333e+16	8.97527e+15	177.159 	5e+16
3  	150   	4.53333e+16	1.45449e+16	177.159 	5e+16
4  	150   	3.93333e+16	2.04831e+16	22.3008 	5e+16
5  	150   	2.66667e+16	2.49444e+16	22.3008 	5e+16
6  	150   	1.56667e+16	2.31924e+16	20.8779 	5e+16
7  	150   	1.35e+16   	2.2198e+16 	20.8779 	5e+16
8  	150   	1.25e+16   	2.16506e+16	3.66946 	5e+16
9  	150   	1.13333e+16	2.09338e+16	3.66946 	5e+16
10 	150   	7.83333e+15	1.81743e+16	2.56047 	5e+16
11 	150   	6e+15      	1.62481e+16	1.34694 	5e+16
12 	150   	7.16667e+15	1.75206e+16	2.01888 	5e+16
13 	150   	5.83333e+15	1.60511e+16	2.01888 	5e+16
14 	150   	4.66667e+15	1.45449e+16	1.65077 	5e+16
15 	150   	5.66667e+15	1.585e+16  	1.15968 	5e+16
16 	150   	6e+15      	1.62481e+16	0.908411	5e+16
17 	150   	5.66667e+15	1.585e+16  	1.15968 	5e+16
18 	150   	7.66667e+15	1.80154e+16	1.15968 	5e+16
19 	150   	7.33333e+15	1.76887e+16	1.15968 	5e+16
20 	150   	3.33333e+15	1.24722e+16	1.15968 	5e+16
21 	150   	4.66667e+15	1.45449e+16	1.13142 	5e+16


[12.46347908285583, -33.20495547312059, 4.739175028278086, 0.9460967848736676, 0.867108718136786, -88.21391347624512, -56.972346193465356, 8.218402701461255, 4.108894452904156, 0.011300518147735769, 0.06829792130366431, 4.3860523143978085, 0.08759344935469109, 0.003126529751216991, -36.205528824492504, 8.693415172846294, -48.26557278305894, 0.04095321511779208, 32.54439986152347, 0.4871434829065453, 24.93248767691089, -69.40868897486403, 1.4666405432746927, 55.934083854842754]
gen	nevals	avg        	std        	min     	max  
1  	150   	4.8e+16    	9.79796e+15	177.159 	5e+16
2  	150   	4.83333e+16	8.97527e+15	177.159 	5e+16
3  	150   	4.53333e+16	1.45449e+16	177.159 	5e+16
4  	150   	3.93333e+16	2.04831e+16	22.3008 	5e+16
5  	150   	2.66667e+16	2.49444e+16	22.3008 	5e+16
6  	150   	1.56667e+16	2.31924e+16	20.8779 	5e+16
7  	150   	1.35e+16   	2.2198e+16 	20.8779 	5e+16
8  	150   	1.25e+16   	2.16506e+16	3.66946 	5e+16
9  	150   	1.13333e+16	2.09338e+16	3.66946 	5e+16
10 	150   	7.83333e+15	1.81743e+16	2.56047 	5e+16
11 	150   	6e+15      	1.62481e+16	1.34694 	5e+16
12 	150   	7.16667e+15	1.75206e+16	2.01888 	5e+16
13 	150   	5.83333e+15	1.60511e+16	2.01888 	5e+16
14 	150   	4.66667e+15	1.45449e+16	1.65077 	5e+16
15 	150   	5.66667e+15	1.585e+16  	1.15968 	5e+16
16 	150   	6e+15      	1.62481e+16	0.908411	5e+16
17 	150   	5.66667e+15	1.585e+16  	1.15968 	5e+16
18 	150   	7.66667e+15	1.80154e+16	1.15968 	5e+16
19 	150   	7.33333e+15	1.76887e+16	1.15968 	5e+16
20 	150   	3.33333e+15	1.24722e+16	1.15968 	5e+16
21 	150   	4.66667e+15	1.45449e+16	1.13142 	5e+16
22 	150   	5.16667e+15	1.52197e+16	1.09045 	5e+16


[12.46347908285583, -33.20495547312059, 4.739175028278086, 0.9460967848736676, 0.867108718136786, -88.21391347624512, -56.972346193465356, 8.218402701461255, 4.108894452904156, 0.011300518147735769, 0.06829792130366431, 4.3860523143978085, 0.08759344935469109, 0.003126529751216991, -36.205528824492504, 8.693415172846294, -48.26557278305894, 0.04095321511779208, 32.54439986152347, 0.4871434829065453, 24.93248767691089, -69.40868897486403, 1.4666405432746927, 55.934083854842754]
gen	nevals	avg        	std        	min     	max  
1  	150   	4.8e+16    	9.79796e+15	177.159 	5e+16
2  	150   	4.83333e+16	8.97527e+15	177.159 	5e+16
3  	150   	4.53333e+16	1.45449e+16	177.159 	5e+16
4  	150   	3.93333e+16	2.04831e+16	22.3008 	5e+16
5  	150   	2.66667e+16	2.49444e+16	22.3008 	5e+16
6  	150   	1.56667e+16	2.31924e+16	20.8779 	5e+16
7  	150   	1.35e+16   	2.2198e+16 	20.8779 	5e+16
8  	150   	1.25e+16   	2.16506e+16	3.66946 	5e+16
9  	150   	1.13333e+16	2.09338e+16	3.66946 	5e+16
10 	150   	7.83333e+15	1.81743e+16	2.56047 	5e+16
11 	150   	6e+15      	1.62481e+16	1.34694 	5e+16
12 	150   	7.16667e+15	1.75206e+16	2.01888 	5e+16
13 	150   	5.83333e+15	1.60511e+16	2.01888 	5e+16
14 	150   	4.66667e+15	1.45449e+16	1.65077 	5e+16
15 	150   	5.66667e+15	1.585e+16  	1.15968 	5e+16
16 	150   	6e+15      	1.62481e+16	0.908411	5e+16
17 	150   	5.66667e+15	1.585e+16  	1.15968 	5e+16
18 	150   	7.66667e+15	1.80154e+16	1.15968 	5e+16
19 	150   	7.33333e+15	1.76887e+16	1.15968 	5e+16
20 	150   	3.33333e+15	1.24722e+16	1.15968 	5e+16
21 	150   	4.66667e+15	1.45449e+16	1.13142 	5e+16
22 	150   	5.16667e+15	1.52197e+16	1.09045 	5e+16
23 	150   	4e+15      	1.35647e+16	1.09045 	5e+16


[12.46347908285583, -33.20495547312059, 4.739175028278086, 0.9460967848736676, 0.867108718136786, -88.21391347624512, -56.972346193465356, 8.218402701461255, 4.108894452904156, 0.011300518147735769, 0.06829792130366431, 4.3860523143978085, 0.08759344935469109, 0.003126529751216991, -36.205528824492504, 8.693415172846294, -48.26557278305894, 0.04095321511779208, 32.54439986152347, 0.4871434829065453, 24.93248767691089, -69.40868897486403, 1.4666405432746927, 55.934083854842754]
gen	nevals	avg        	std        	min     	max  
1  	150   	4.8e+16    	9.79796e+15	177.159 	5e+16
2  	150   	4.83333e+16	8.97527e+15	177.159 	5e+16
3  	150   	4.53333e+16	1.45449e+16	177.159 	5e+16
4  	150   	3.93333e+16	2.04831e+16	22.3008 	5e+16
5  	150   	2.66667e+16	2.49444e+16	22.3008 	5e+16
6  	150   	1.56667e+16	2.31924e+16	20.8779 	5e+16
7  	150   	1.35e+16   	2.2198e+16 	20.8779 	5e+16
8  	150   	1.25e+16   	2.16506e+16	3.66946 	5e+16
9  	150   	1.13333e+16	2.09338e+16	3.66946 	5e+16
10 	150   	7.83333e+15	1.81743e+16	2.56047 	5e+16
11 	150   	6e+15      	1.62481e+16	1.34694 	5e+16
12 	150   	7.16667e+15	1.75206e+16	2.01888 	5e+16
13 	150   	5.83333e+15	1.60511e+16	2.01888 	5e+16
14 	150   	4.66667e+15	1.45449e+16	1.65077 	5e+16
15 	150   	5.66667e+15	1.585e+16  	1.15968 	5e+16
16 	150   	6e+15      	1.62481e+16	0.908411	5e+16
17 	150   	5.66667e+15	1.585e+16  	1.15968 	5e+16
18 	150   	7.66667e+15	1.80154e+16	1.15968 	5e+16
19 	150   	7.33333e+15	1.76887e+16	1.15968 	5e+16
20 	150   	3.33333e+15	1.24722e+16	1.15968 	5e+16
21 	150   	4.66667e+15	1.45449e+16	1.13142 	5e+16
22 	150   	5.16667e+15	1.52197e+16	1.09045 	5e+16
23 	150   	4e+15      	1.35647e+16	1.09045 	5e+16
24 	150   	5.16667e+15	1.52197e+16	1.09045 	5e+16


[14.961827765568675, -38.47132378043778, 8.811616160818625, 0.82489468175979, 0.7684360684229967, -94.00714448382452, -54.877699372808905, 9.611020921927262, 3.906949015639949, 0.017469722344998564, 0.06152132191630439, 4.384025713806721, 0.08741627745854251, 0.0031812585182654364, -36.17316701033969, 7.9262281610174306, -25.697090782342105, 0.04097618181626807, 28.27298372497153, 0.5084681607571371, 26.555834467700404, -68.17436083392157, 20.902126489001073, 56.591071275966975]
gen	nevals	avg        	std        	min     	max  
1  	150   	4.8e+16    	9.79796e+15	177.159 	5e+16
2  	150   	4.83333e+16	8.97527e+15	177.159 	5e+16
3  	150   	4.53333e+16	1.45449e+16	177.159 	5e+16
4  	150   	3.93333e+16	2.04831e+16	22.3008 	5e+16
5  	150   	2.66667e+16	2.49444e+16	22.3008 	5e+16
6  	150   	1.56667e+16	2.31924e+16	20.8779 	5e+16
7  	150   	1.35e+16   	2.2198e+16 	20.8779 	5e+16
8  	150   	1.25e+16   	2.16506e+16	3.66946 	5e+16
9  	150   	1.13333e+16	2.09338e+16	3.66946 	5e+16
10 	150   	7.83333e+15	1.81743e+16	2.56047 	5e+16
11 	150   	6e+15      	1.62481e+16	1.34694 	5e+16
12 	150   	7.16667e+15	1.75206e+16	2.01888 	5e+16
13 	150   	5.83333e+15	1.60511e+16	2.01888 	5e+16
14 	150   	4.66667e+15	1.45449e+16	1.65077 	5e+16
15 	150   	5.66667e+15	1.585e+16  	1.15968 	5e+16
16 	150   	6e+15      	1.62481e+16	0.908411	5e+16
17 	150   	5.66667e+15	1.585e+16  	1.15968 	5e+16
18 	150   	7.66667e+15	1.80154e+16	1.15968 	5e+16
19 	150   	7.33333e+15	1.76887e+16	1.15968 	5e+16
20 	150   	3.33333e+15	1.24722e+16	1.15968 	5e+16
21 	150   	4.66667e+15	1.45449e+16	1.13142 	5e+16
22 	150   	5.16667e+15	1.52197e+16	1.09045 	5e+16
23 	150   	4e+15      	1.35647e+16	1.09045 	5e+16
24 	150   	5.16667e+15	1.52197e+16	1.09045 	5e+16
25 	150   	5e+15      	1.5e+16    	0.483653	5e+16


[14.961827765568675, -38.47132378043778, 8.811616160818625, 0.82489468175979, 0.7684360684229967, -94.00714448382452, -54.877699372808905, 9.611020921927262, 3.906949015639949, 0.017469722344998564, 0.06152132191630439, 4.384025713806721, 0.08741627745854251, 0.0031812585182654364, -36.17316701033969, 7.9262281610174306, -25.697090782342105, 0.04097618181626807, 28.27298372497153, 0.5084681607571371, 26.555834467700404, -68.17436083392157, 20.902126489001073, 56.591071275966975]
gen	nevals	avg        	std        	min     	max  
1  	150   	4.8e+16    	9.79796e+15	177.159 	5e+16
2  	150   	4.83333e+16	8.97527e+15	177.159 	5e+16
3  	150   	4.53333e+16	1.45449e+16	177.159 	5e+16
4  	150   	3.93333e+16	2.04831e+16	22.3008 	5e+16
5  	150   	2.66667e+16	2.49444e+16	22.3008 	5e+16
6  	150   	1.56667e+16	2.31924e+16	20.8779 	5e+16
7  	150   	1.35e+16   	2.2198e+16 	20.8779 	5e+16
8  	150   	1.25e+16   	2.16506e+16	3.66946 	5e+16
9  	150   	1.13333e+16	2.09338e+16	3.66946 	5e+16
10 	150   	7.83333e+15	1.81743e+16	2.56047 	5e+16
11 	150   	6e+15      	1.62481e+16	1.34694 	5e+16
12 	150   	7.16667e+15	1.75206e+16	2.01888 	5e+16
13 	150   	5.83333e+15	1.60511e+16	2.01888 	5e+16
14 	150   	4.66667e+15	1.45449e+16	1.65077 	5e+16
15 	150   	5.66667e+15	1.585e+16  	1.15968 	5e+16
16 	150   	6e+15      	1.62481e+16	0.908411	5e+16
17 	150   	5.66667e+15	1.585e+16  	1.15968 	5e+16
18 	150   	7.66667e+15	1.80154e+16	1.15968 	5e+16
19 	150   	7.33333e+15	1.76887e+16	1.15968 	5e+16
20 	150   	3.33333e+15	1.24722e+16	1.15968 	5e+16
21 	150   	4.66667e+15	1.45449e+16	1.13142 	5e+16
22 	150   	5.16667e+15	1.52197e+16	1.09045 	5e+16
23 	150   	4e+15      	1.35647e+16	1.09045 	5e+16
24 	150   	5.16667e+15	1.52197e+16	1.09045 	5e+16
25 	150   	5e+15      	1.5e+16    	0.483653	5e+16
26 	150   	6.33333e+15	1.663e+16  	0.483653	5e+16


[14.961827765568675, -38.47132378043778, 8.811616160818625, 0.82489468175979, 0.7684360684229967, -94.00714448382452, -54.877699372808905, 9.611020921927262, 3.906949015639949, 0.017469722344998564, 0.06152132191630439, 4.384025713806721, 0.08741627745854251, 0.0031812585182654364, -36.17316701033969, 7.9262281610174306, -25.697090782342105, 0.04097618181626807, 28.27298372497153, 0.5084681607571371, 26.555834467700404, -68.17436083392157, 20.902126489001073, 56.591071275966975]
gen	nevals	avg        	std        	min     	max  
1  	150   	4.8e+16    	9.79796e+15	177.159 	5e+16
2  	150   	4.83333e+16	8.97527e+15	177.159 	5e+16
3  	150   	4.53333e+16	1.45449e+16	177.159 	5e+16
4  	150   	3.93333e+16	2.04831e+16	22.3008 	5e+16
5  	150   	2.66667e+16	2.49444e+16	22.3008 	5e+16
6  	150   	1.56667e+16	2.31924e+16	20.8779 	5e+16
7  	150   	1.35e+16   	2.2198e+16 	20.8779 	5e+16
8  	150   	1.25e+16   	2.16506e+16	3.66946 	5e+16
9  	150   	1.13333e+16	2.09338e+16	3.66946 	5e+16
10 	150   	7.83333e+15	1.81743e+16	2.56047 	5e+16
11 	150   	6e+15      	1.62481e+16	1.34694 	5e+16
12 	150   	7.16667e+15	1.75206e+16	2.01888 	5e+16
13 	150   	5.83333e+15	1.60511e+16	2.01888 	5e+16
14 	150   	4.66667e+15	1.45449e+16	1.65077 	5e+16
15 	150   	5.66667e+15	1.585e+16  	1.15968 	5e+16
16 	150   	6e+15      	1.62481e+16	0.908411	5e+16
17 	150   	5.66667e+15	1.585e+16  	1.15968 	5e+16
18 	150   	7.66667e+15	1.80154e+16	1.15968 	5e+16
19 	150   	7.33333e+15	1.76887e+16	1.15968 	5e+16
20 	150   	3.33333e+15	1.24722e+16	1.15968 	5e+16
21 	150   	4.66667e+15	1.45449e+16	1.13142 	5e+16
22 	150   	5.16667e+15	1.52197e+16	1.09045 	5e+16
23 	150   	4e+15      	1.35647e+16	1.09045 	5e+16
24 	150   	5.16667e+15	1.52197e+16	1.09045 	5e+16
25 	150   	5e+15      	1.5e+16    	0.483653	5e+16
26 	150   	6.33333e+15	1.663e+16  	0.483653	5e+16
27 	150   	5.33333e+15	1.54344e+16	0.483653	5e+16


[14.961827765568675, -38.47132378043778, 8.811616160818625, 0.82489468175979, 0.7684360684229967, -94.00714448382452, -54.877699372808905, 9.611020921927262, 3.906949015639949, 0.017469722344998564, 0.06152132191630439, 4.384025713806721, 0.08741627745854251, 0.0031812585182654364, -36.17316701033969, 7.9262281610174306, -25.697090782342105, 0.04097618181626807, 28.27298372497153, 0.5084681607571371, 26.555834467700404, -68.17436083392157, 20.902126489001073, 56.591071275966975]
gen	nevals	avg        	std        	min     	max  
1  	150   	4.8e+16    	9.79796e+15	177.159 	5e+16
2  	150   	4.83333e+16	8.97527e+15	177.159 	5e+16
3  	150   	4.53333e+16	1.45449e+16	177.159 	5e+16
4  	150   	3.93333e+16	2.04831e+16	22.3008 	5e+16
5  	150   	2.66667e+16	2.49444e+16	22.3008 	5e+16
6  	150   	1.56667e+16	2.31924e+16	20.8779 	5e+16
7  	150   	1.35e+16   	2.2198e+16 	20.8779 	5e+16
8  	150   	1.25e+16   	2.16506e+16	3.66946 	5e+16
9  	150   	1.13333e+16	2.09338e+16	3.66946 	5e+16
10 	150   	7.83333e+15	1.81743e+16	2.56047 	5e+16
11 	150   	6e+15      	1.62481e+16	1.34694 	5e+16
12 	150   	7.16667e+15	1.75206e+16	2.01888 	5e+16
13 	150   	5.83333e+15	1.60511e+16	2.01888 	5e+16
14 	150   	4.66667e+15	1.45449e+16	1.65077 	5e+16
15 	150   	5.66667e+15	1.585e+16  	1.15968 	5e+16
16 	150   	6e+15      	1.62481e+16	0.908411	5e+16
17 	150   	5.66667e+15	1.585e+16  	1.15968 	5e+16
18 	150   	7.66667e+15	1.80154e+16	1.15968 	5e+16
19 	150   	7.33333e+15	1.76887e+16	1.15968 	5e+16
20 	150   	3.33333e+15	1.24722e+16	1.15968 	5e+16
21 	150   	4.66667e+15	1.45449e+16	1.13142 	5e+16
22 	150   	5.16667e+15	1.52197e+16	1.09045 	5e+16
23 	150   	4e+15      	1.35647e+16	1.09045 	5e+16
24 	150   	5.16667e+15	1.52197e+16	1.09045 	5e+16
25 	150   	5e+15      	1.5e+16    	0.483653	5e+16
26 	150   	6.33333e+15	1.663e+16  	0.483653	5e+16
27 	150   	5.33333e+15	1.54344e+16	0.483653	5e+16
28 	150   	6.33333e+15	1.663e+16  	0.483653	5e+16


[14.961827765568675, -38.47132378043778, 8.811616160818625, 0.82489468175979, 0.7684360684229967, -94.00714448382452, -54.877699372808905, 9.611020921927262, 3.906949015639949, 0.017469722344998564, 0.06152132191630439, 4.384025713806721, 0.08741627745854251, 0.0031812585182654364, -36.17316701033969, 7.9262281610174306, -25.697090782342105, 0.04097618181626807, 28.27298372497153, 0.5084681607571371, 26.555834467700404, -68.17436083392157, 20.902126489001073, 56.591071275966975]
gen	nevals	avg        	std        	min     	max  
1  	150   	4.8e+16    	9.79796e+15	177.159 	5e+16
2  	150   	4.83333e+16	8.97527e+15	177.159 	5e+16
3  	150   	4.53333e+16	1.45449e+16	177.159 	5e+16
4  	150   	3.93333e+16	2.04831e+16	22.3008 	5e+16
5  	150   	2.66667e+16	2.49444e+16	22.3008 	5e+16
6  	150   	1.56667e+16	2.31924e+16	20.8779 	5e+16
7  	150   	1.35e+16   	2.2198e+16 	20.8779 	5e+16
8  	150   	1.25e+16   	2.16506e+16	3.66946 	5e+16
9  	150   	1.13333e+16	2.09338e+16	3.66946 	5e+16
10 	150   	7.83333e+15	1.81743e+16	2.56047 	5e+16
11 	150   	6e+15      	1.62481e+16	1.34694 	5e+16
12 	150   	7.16667e+15	1.75206e+16	2.01888 	5e+16
13 	150   	5.83333e+15	1.60511e+16	2.01888 	5e+16
14 	150   	4.66667e+15	1.45449e+16	1.65077 	5e+16
15 	150   	5.66667e+15	1.585e+16  	1.15968 	5e+16
16 	150   	6e+15      	1.62481e+16	0.908411	5e+16
17 	150   	5.66667e+15	1.585e+16  	1.15968 	5e+16
18 	150   	7.66667e+15	1.80154e+16	1.15968 	5e+16
19 	150   	7.33333e+15	1.76887e+16	1.15968 	5e+16
20 	150   	3.33333e+15	1.24722e+16	1.15968 	5e+16
21 	150   	4.66667e+15	1.45449e+16	1.13142 	5e+16
22 	150   	5.16667e+15	1.52197e+16	1.09045 	5e+16
23 	150   	4e+15      	1.35647e+16	1.09045 	5e+16
24 	150   	5.16667e+15	1.52197e+16	1.09045 	5e+16
25 	150   	5e+15      	1.5e+16    	0.483653	5e+16
26 	150   	6.33333e+15	1.663e+16  	0.483653	5e+16
27 	150   	5.33333e+15	1.54344e+16	0.483653	5e+16
28 	150   	6.33333e+15	1.663e+16  	0.483653	5e+16
29 	150   	4.66667e+15	1.45449e+16	0.483653	5e+16


