[12.478182479300031, -62.704001537116426, 11.983384671237213, 0.10066001098873037, 0.45741482857333937, -51.00323073491628, -23.30412440049801, 6.6460233368084385, 1.9180832435933537, 0.05962351106743531, 0.08209660795942976, 2.474069719844907, 0.029953625480290322, 0.026520068767968027, -12.506908743622006, 11.151694649012871, -43.07942946301896, 0.02171002428509202, 36.51688374952031, 0.5052770722247266, 22.672626193664698, -22.62844810609114, 6.854941867956285, 50.219611384375675]
gen	nevals	avg    	std        	min    	max  
1  	150   	4.8e+16	9.79796e+15	31.4228	5e+16


[18.980977553102164, -52.21394376633689, 15.645607187512004, 0.2655391051739955, 0.19764413361787977, -59.410345470108346, -63.52731354355129, 7.82342491629699, 5.136980440508875, 0.07340969616607147, 0.05123002973623063, 7.6564615034496235, 0.04980394809937601, 0.0819170445118377, -42.368013955426264, 45.76343499177049, -40.936043960659994, 0.0018315097360135507, 29.09390784222107, 0.8550250972716686, 94.98616923781769, -48.57305154243328, 17.45825437580582, 57.747778158582726]
gen	nevals	avg        	std        	min    	max  
1  	150   	4.8e+16    	9.79796e+15	31.4228	5e+16
2  	150   	4.83333e+16	8.97527e+15	4.26277	5e+16


[18.980977553102164, -52.21394376633689, 15.645607187512004, 0.2655391051739955, 0.19764413361787977, -59.410345470108346, -63.52731354355129, 7.82342491629699, 5.136980440508875, 0.07340969616607147, 0.05123002973623063, 7.6564615034496235, 0.04980394809937601, 0.0819170445118377, -42.368013955426264, 45.76343499177049, -40.936043960659994, 0.0018315097360135507, 29.09390784222107, 0.8550250972716686, 94.98616923781769, -48.57305154243328, 17.45825437580582, 57.747778158582726]
gen	nevals	avg        	std        	min    	max  
1  	150   	4.8e+16    	9.79796e+15	31.4228	5e+16
2  	150   	4.83333e+16	8.97527e+15	4.26277	5e+16
3  	150   	4.5e+16    	1.5e+16    	4.26277	5e+16


[18.980977553102164, -52.21394376633689, 15.645607187512004, 0.2655391051739955, 0.19764413361787977, -59.410345470108346, -63.52731354355129, 7.82342491629699, 5.136980440508875, 0.07340969616607147, 0.05123002973623063, 7.6564615034496235, 0.04980394809937601, 0.0819170445118377, -42.368013955426264, 45.76343499177049, -40.936043960659994, 0.0018315097360135507, 29.09390784222107, 0.8550250972716686, 94.98616923781769, -48.57305154243328, 17.45825437580582, 57.747778158582726]
gen	nevals	avg        	std        	min    	max  
1  	150   	4.8e+16    	9.79796e+15	31.4228	5e+16
2  	150   	4.83333e+16	8.97527e+15	4.26277	5e+16
3  	150   	4.5e+16    	1.5e+16    	4.26277	5e+16
4  	150   	3.88333e+16	2.0824e+16 	4.26277	5e+16


[19.038781606211934, -52.346606581602416, 15.645607187512004, 0.0798887432071077, 0.14283256963370095, -45.658574805299246, -62.72701070711669, 8.15885949608574, 9.140853581086873, 0.08541358812078605, 0.04842997458573994, 7.737361671638257, 0.06805711825532455, 0.08632087841489255, -11.502648092084813, 45.76343499177049, -42.27709395186834, 0.0006938538138409223, 29.78488219461196, 0.8550250972716686, 86.4818618403616, -47.933199518127566, 17.008304495682417, 58.51185651601964]
gen	nevals	avg        	std        	min    	max  
1  	150   	4.8e+16    	9.79796e+15	31.4228	5e+16
2  	150   	4.83333e+16	8.97527e+15	4.26277	5e+16
3  	150   	4.5e+16    	1.5e+16    	4.26277	5e+16
4  	150   	3.88333e+16	2.0824e+16 	4.26277	5e+16
5  	150   	2.9e+16    	2.46779e+16	3.70456	5e+16


[18.980977553102164, -52.21394376633689, 15.645607187512004, 0.0649523738770393, 0.05150224089297395, -47.039727258844216, -61.28731515692298, 7.82342491629699, 5.136980440508875, 0.08306687213602115, 0.05191929389634966, 6.790811801976166, 0.053097972358978084, 0.0819170445118377, -42.368013955426264, 46.94285677381096, -42.33930623426671, 0.011909796175955212, 29.09390784222107, 0.8939504410435481, 94.66349049194255, -48.44030037269767, 10.48817643647142, 57.747778158582726]
gen	nevals	avg        	std        	min    	max  
1  	150   	4.8e+16    	9.79796e+15	31.4228	5e+16
2  	150   	4.83333e+16	8.97527e+15	4.26277	5e+16
3  	150   	4.5e+16    	1.5e+16    	4.26277	5e+16
4  	150   	3.88333e+16	2.0824e+16 	4.26277	5e+16
5  	150   	2.9e+16    	2.46779e+16	3.70456	5e+16
6  	150   	2.11667e+16	2.47044e+16	3.46928	5e+16


