[30.870819559657022, -65.40483700327025, 5.513675149637403, 1.6310761287948405, 1.6386504302316511, -148.86964008507076, -85.90238889072037, 15.71448389865228, 8.308918197869202, 0.4299004642068202, 0.3476170997248599, 13.212594743722338, 0.18120045938893128, 0.15590196845826595, -62.83998243976032, 5.20647526441799, -82.28354006070877, 0.0688743304993703, 41.90057614287896, 1.755455369800454, 52.467949015441704, -24.662414413537107, -23.001770079701327, 57.79078232117669]
gen	nevals	avg      	std        	min    	max  
1  	2000  	4.025e+15	1.62957e+16	68.8785	7e+16


[30.870819559657022, -65.40483700327025, 5.513675149637403, 1.6310761287948405, 1.6386504302316511, -148.86964008507076, -85.90238889072037, 15.71448389865228, 8.308918197869202, 0.4299004642068202, 0.3476170997248599, 13.212594743722338, 0.18120045938893128, 0.15590196845826595, -62.83998243976032, 5.20647526441799, -82.28354006070877, 0.0688743304993703, 41.90057614287896, 1.755455369800454, 52.467949015441704, -24.662414413537107, -23.001770079701327, 57.79078232117669]
gen	nevals	avg      	std        	min    	max  
1  	2000  	4.025e+15	1.62957e+16	68.8785	7e+16
2  	2000  	4.2e+15  	1.66241e+16	68.8785	7e+16


