[31.6418362750267, -75.43293892160594, 88.0854210441807, 0.06586347481374509, 1.6701672088831037, -107.97483198228443, -131.46406156843634, 8.334966213350087, 12.044631305231423, 0.3536089685406723, 0.421808313816827, 1.3978947226322536, 0.10890687085428073, 0.0328750106024699, -54.76265761015905, 8.200131529558245, -110.89964042733718, 0.04649370858595596, 54.12365534532924, 0.29994579845010183, 146.7822941917646, -12.603891337934726, -44.22086143681989, 52.10399172570735]
gen	nevals	avg      	std        	min    	max  
1  	2000  	4.025e+15	1.62957e+16	138.975	7e+16


[6.870642287911124, -44.276792026299226, 30.197609915490318, 0.08359056814679533, 1.8928392641446552, -67.66400913424361, -147.64641706847183, 16.26045832108737, 14.497182678407935, 0.14386644715251717, 0.3811734874641737, 5.347644677387002, 0.19621465357028767, 0.041562407090305835, -36.31418340372632, 3.279084886517462, -107.92171592364761, 0.02330043552961955, 58.1713434275529, 0.15708041988764934, 94.9109144775601, -75.82646102343854, 17.004636165389744, 56.445549500088354]
gen	nevals	avg      	std        	min    	max  
1  	2000  	4.025e+15	1.62957e+16	138.975	7e+16
2  	2000  	4.2e+15  	1.66241e+16	60.3301	7e+16


[6.870642287911124, -44.276792026299226, 30.197609915490318, 0.08359056814679533, 1.8928392641446552, -67.66400913424361, -147.64641706847183, 16.26045832108737, 14.497182678407935, 0.14386644715251717, 0.3811734874641737, 5.347644677387002, 0.19621465357028767, 0.041562407090305835, -36.31418340372632, 3.279084886517462, -107.92171592364761, 0.02330043552961955, 58.1713434275529, 0.15708041988764934, 94.9109144775601, -75.82646102343854, 17.004636165389744, 56.445549500088354]
gen	nevals	avg      	std        	min    	max  
1  	2000  	4.025e+15	1.62957e+16	138.975	7e+16
2  	2000  	4.2e+15  	1.66241e+16	60.3301	7e+16
3  	2000  	1.715e+15	1.08217e+16	60.3301	7e+16


[44.62020163835316, -34.88715649908064, 27.68744723468572, 1.3954226343398455, 0.44769459696407315, -17.513488401994447, -147.7149162002972, 2.1577352887357004, 7.865581753276096, 0.025076909641746706, 0.4119919939624291, 16.03194085696635, 0.001028621170855249, 0.06088198728199522, -126.59632684816822, 13.153129900286611, -66.78167385208587, 0.08024693994816796, 42.90569878367589, 2.9934620354445616, 89.54906023944481, -58.8095371095138, 30.83945786276988, 46.46487576310996]
gen	nevals	avg      	std        	min    	max  
1  	2000  	4.025e+15	1.62957e+16	138.975	7e+16
2  	2000  	4.2e+15  	1.66241e+16	60.3301	7e+16
3  	2000  	1.715e+15	1.08217e+16	60.3301	7e+16
4  	2000  	1.855e+15	1.12432e+16	26.5082	7e+16


[44.62020163835316, -34.88715649908064, 27.68744723468572, 1.3954226343398455, 0.44769459696407315, -17.513488401994447, -147.7149162002972, 2.1577352887357004, 7.865581753276096, 0.025076909641746706, 0.4119919939624291, 16.03194085696635, 0.001028621170855249, 0.06088198728199522, -126.59632684816822, 13.153129900286611, -66.78167385208587, 0.08024693994816796, 42.90569878367589, 2.9934620354445616, 89.54906023944481, -58.8095371095138, 30.83945786276988, 46.46487576310996]
gen	nevals	avg      	std        	min    	max  
1  	2000  	4.025e+15	1.62957e+16	138.975	7e+16
2  	2000  	4.2e+15  	1.66241e+16	60.3301	7e+16
3  	2000  	1.715e+15	1.08217e+16	60.3301	7e+16
4  	2000  	1.855e+15	1.12432e+16	26.5082	7e+16
5  	2000  	1.82e+15 	1.11395e+16	26.5082	7e+16


[6.870642287911124, -41.84826837957933, 30.197609915490318, 0.7806999956232544, 1.966308583419606, -2.7595009906049883, -147.64641706847183, 12.957607869094867, 16.316110089421407, 0.14386644715251717, 0.19008162788479716, 5.347644677387002, 0.19621465357028767, 0.019925053487271728, -28.756608569429584, 3.2449817481205456, -109.22504609892607, 0.028551936688200656, 58.1713434275529, 0.18452689704627603, 146.73935513585732, -74.36336919140041, -41.30430691630277, 61.51608347754411]
gen	nevals	avg      	std        	min    	max  
1  	2000  	4.025e+15	1.62957e+16	138.975	7e+16
2  	2000  	4.2e+15  	1.66241e+16	60.3301	7e+16
3  	2000  	1.715e+15	1.08217e+16	60.3301	7e+16
4  	2000  	1.855e+15	1.12432e+16	26.5082	7e+16
5  	2000  	1.82e+15 	1.11395e+16	26.5082	7e+16
6  	2000  	1.68e+15 	1.07134e+16	19.2835	7e+16


[6.870642287911124, -41.84826837957933, 30.197609915490318, 0.7806999956232544, 1.966308583419606, -2.7595009906049883, -147.64641706847183, 12.957607869094867, 16.316110089421407, 0.14386644715251717, 0.19008162788479716, 5.347644677387002, 0.19621465357028767, 0.019925053487271728, -28.756608569429584, 3.2449817481205456, -109.22504609892607, 0.028551936688200656, 58.1713434275529, 0.18452689704627603, 146.73935513585732, -74.36336919140041, -41.30430691630277, 61.51608347754411]
gen	nevals	avg      	std        	min    	max  
1  	2000  	4.025e+15	1.62957e+16	138.975	7e+16
2  	2000  	4.2e+15  	1.66241e+16	60.3301	7e+16
3  	2000  	1.715e+15	1.08217e+16	60.3301	7e+16
4  	2000  	1.855e+15	1.12432e+16	26.5082	7e+16
5  	2000  	1.82e+15 	1.11395e+16	26.5082	7e+16
6  	2000  	1.68e+15 	1.07134e+16	19.2835	7e+16
7  	2000  	1.4e+15  	9.8e+15    	19.2835	7e+16


[6.870642287911124, -41.84826837957933, 30.197609915490318, 0.7806999956232544, 1.966308583419606, -2.7595009906049883, -147.64641706847183, 12.957607869094867, 16.316110089421407, 0.14386644715251717, 0.19008162788479716, 5.347644677387002, 0.19621465357028767, 0.019925053487271728, -28.756608569429584, 3.2449817481205456, -109.22504609892607, 0.028551936688200656, 58.1713434275529, 0.18452689704627603, 146.73935513585732, -74.36336919140041, -41.30430691630277, 61.51608347754411]
gen	nevals	avg       	std        	min    	max  
1  	2000  	4.025e+15 	1.62957e+16	138.975	7e+16
2  	2000  	4.2e+15   	1.66241e+16	60.3301	7e+16
3  	2000  	1.715e+15 	1.08217e+16	60.3301	7e+16
4  	2000  	1.855e+15 	1.12432e+16	26.5082	7e+16
5  	2000  	1.82e+15  	1.11395e+16	26.5082	7e+16
6  	2000  	1.68e+15  	1.07134e+16	19.2835	7e+16
7  	2000  	1.4e+15   	9.8e+15    	19.2835	7e+16
8  	2000  	1.7675e+15	1.09818e+16	19.2835	7e+16


[6.870642287911124, -41.84826837957933, 30.197609915490318, 0.7806999956232544, 1.966308583419606, -2.7595009906049883, -147.64641706847183, 12.957607869094867, 16.316110089421407, 0.14386644715251717, 0.19008162788479716, 5.347644677387002, 0.19621465357028767, 0.019925053487271728, -28.756608569429584, 3.2449817481205456, -109.22504609892607, 0.028551936688200656, 58.1713434275529, 0.18452689704627603, 146.73935513585732, -74.36336919140041, -41.30430691630277, 61.51608347754411]
gen	nevals	avg       	std        	min    	max  
1  	2000  	4.025e+15 	1.62957e+16	138.975	7e+16
2  	2000  	4.2e+15   	1.66241e+16	60.3301	7e+16
3  	2000  	1.715e+15 	1.08217e+16	60.3301	7e+16
4  	2000  	1.855e+15 	1.12432e+16	26.5082	7e+16
5  	2000  	1.82e+15  	1.11395e+16	26.5082	7e+16
6  	2000  	1.68e+15  	1.07134e+16	19.2835	7e+16
7  	2000  	1.4e+15   	9.8e+15    	19.2835	7e+16
8  	2000  	1.7675e+15	1.09818e+16	19.2835	7e+16
9  	2000  	1.225e+15 	9.17875e+15	19.2835	7e+16


[10.405998998893793, -41.23000343270345, 11.290379050935499, 1.101699656580349, 1.5474905474387195, -49.99957318738118, -74.9378193980888, 5.384157283212504, 7.184019288789187, 0.1004187731533635, 0.40092504403299056, 1.178620094642282, 0.062270371718167204, 0.13435041134789297, -36.550734090063806, 4.536208667741189, -57.542714237548665, 0.02990890709161921, 27.403317847483432, 2.5922192789979563, 7.952980998969021, -91.22110898710967, -23.381351313861813, 60.53373236759797]
gen	nevals	avg       	std        	min    	max  
1  	2000  	4.025e+15 	1.62957e+16	138.975	7e+16
2  	2000  	4.2e+15   	1.66241e+16	60.3301	7e+16
3  	2000  	1.715e+15 	1.08217e+16	60.3301	7e+16
4  	2000  	1.855e+15 	1.12432e+16	26.5082	7e+16
5  	2000  	1.82e+15  	1.11395e+16	26.5082	7e+16
6  	2000  	1.68e+15  	1.07134e+16	19.2835	7e+16
7  	2000  	1.4e+15   	9.8e+15    	19.2835	7e+16
8  	2000  	1.7675e+15	1.09818e+16	19.2835	7e+16
9  	2000  	1.225e+15 	9.17875e+15	19.2835	7e+16
10 	2000  	8.225e+14 	7.54311e+15	16.9045	7e+16


[10.405998998893793, -41.23000343270345, 11.290379050935499, 1.101699656580349, 1.5474905474387195, -49.99957318738118, -74.9378193980888, 5.384157283212504, 7.184019288789187, 0.1004187731533635, 0.40092504403299056, 1.178620094642282, 0.062270371718167204, 0.13435041134789297, -36.550734090063806, 4.536208667741189, -57.542714237548665, 0.02990890709161921, 27.403317847483432, 2.5922192789979563, 7.952980998969021, -91.22110898710967, -23.381351313861813, 60.53373236759797]
gen	nevals	avg       	std        	min    	max  
1  	2000  	4.025e+15 	1.62957e+16	138.975	7e+16
2  	2000  	4.2e+15   	1.66241e+16	60.3301	7e+16
3  	2000  	1.715e+15 	1.08217e+16	60.3301	7e+16
4  	2000  	1.855e+15 	1.12432e+16	26.5082	7e+16
5  	2000  	1.82e+15  	1.11395e+16	26.5082	7e+16
6  	2000  	1.68e+15  	1.07134e+16	19.2835	7e+16
7  	2000  	1.4e+15   	9.8e+15    	19.2835	7e+16
8  	2000  	1.7675e+15	1.09818e+16	19.2835	7e+16
9  	2000  	1.225e+15 	9.17875e+15	19.2835	7e+16
10 	2000  	8.225e+14 	7.54311e+15	16.9045	7e+16
11 	2000  	1.015e+15 	8.36778e+15	16.9045	7e+16


[45.80971863010427, -41.36576107672736, 17.070896160055714, 1.3762600643175924, 0.7302432597152138, -3.9985446158043088, -104.90726418893773, 0.015429408995917937, 19.07307774388481, 0.12209900919900056, 0.1647862521653345, 2.1619645089223596, 0.006545278057181789, 0.11277152886037538, -37.07908939115266, 2.698385767828876, -86.2876277147139, 0.05615735717762703, 69.44202824473317, 0.021716143903421303, 112.55355271140219, -63.152692175588285, 45.11757855905138, 50.42319811178541]
gen	nevals	avg       	std        	min    	max  
1  	2000  	4.025e+15 	1.62957e+16	138.975	7e+16
2  	2000  	4.2e+15   	1.66241e+16	60.3301	7e+16
3  	2000  	1.715e+15 	1.08217e+16	60.3301	7e+16
4  	2000  	1.855e+15 	1.12432e+16	26.5082	7e+16
5  	2000  	1.82e+15  	1.11395e+16	26.5082	7e+16
6  	2000  	1.68e+15  	1.07134e+16	19.2835	7e+16
7  	2000  	1.4e+15   	9.8e+15    	19.2835	7e+16
8  	2000  	1.7675e+15	1.09818e+16	19.2835	7e+16
9  	2000  	1.225e+15 	9.17875e+15	19.2835	7e+16
10 	2000  	8.225e+14 	7.54311e+15	16.9045	7e+16
11 	2000  	1.015e+15 	8.36778e+15	16.9045	7e+16
12 	2000  	9.625e+14 	8.1516e+15 	11.8123	7e+16


[45.80971863010427, -41.36576107672736, 17.070896160055714, 1.3762600643175924, 0.7302432597152138, -3.9985446158043088, -104.90726418893773, 0.015429408995917937, 19.07307774388481, 0.12209900919900056, 0.1647862521653345, 2.1619645089223596, 0.006545278057181789, 0.11277152886037538, -37.07908939115266, 2.698385767828876, -86.2876277147139, 0.05615735717762703, 69.44202824473317, 0.021716143903421303, 112.55355271140219, -63.152692175588285, 45.11757855905138, 50.42319811178541]
gen	nevals	avg       	std        	min    	max  
1  	2000  	4.025e+15 	1.62957e+16	138.975	7e+16
2  	2000  	4.2e+15   	1.66241e+16	60.3301	7e+16
3  	2000  	1.715e+15 	1.08217e+16	60.3301	7e+16
4  	2000  	1.855e+15 	1.12432e+16	26.5082	7e+16
5  	2000  	1.82e+15  	1.11395e+16	26.5082	7e+16
6  	2000  	1.68e+15  	1.07134e+16	19.2835	7e+16
7  	2000  	1.4e+15   	9.8e+15    	19.2835	7e+16
8  	2000  	1.7675e+15	1.09818e+16	19.2835	7e+16
9  	2000  	1.225e+15 	9.17875e+15	19.2835	7e+16
10 	2000  	8.225e+14 	7.54311e+15	16.9045	7e+16
11 	2000  	1.015e+15 	8.36778e+15	16.9045	7e+16
12 	2000  	9.625e+14 	8.1516e+15 	11.8123	7e+16
13 	2000  	1.155e+15 	8.91717e+15	11.8123	7e+16


[45.80971863010427, -41.36576107672736, 17.070896160055714, 1.3762600643175924, 0.7302432597152138, -3.9985446158043088, -104.90726418893773, 0.015429408995917937, 19.07307774388481, 0.12209900919900056, 0.1647862521653345, 2.1619645089223596, 0.006545278057181789, 0.11277152886037538, -37.07908939115266, 2.698385767828876, -86.2876277147139, 0.05615735717762703, 69.44202824473317, 0.021716143903421303, 112.55355271140219, -63.152692175588285, 45.11757855905138, 50.42319811178541]
gen	nevals	avg       	std        	min    	max  
1  	2000  	4.025e+15 	1.62957e+16	138.975	7e+16
2  	2000  	4.2e+15   	1.66241e+16	60.3301	7e+16
3  	2000  	1.715e+15 	1.08217e+16	60.3301	7e+16
4  	2000  	1.855e+15 	1.12432e+16	26.5082	7e+16
5  	2000  	1.82e+15  	1.11395e+16	26.5082	7e+16
6  	2000  	1.68e+15  	1.07134e+16	19.2835	7e+16
7  	2000  	1.4e+15   	9.8e+15    	19.2835	7e+16
8  	2000  	1.7675e+15	1.09818e+16	19.2835	7e+16
9  	2000  	1.225e+15 	9.17875e+15	19.2835	7e+16
10 	2000  	8.225e+14 	7.54311e+15	16.9045	7e+16
11 	2000  	1.015e+15 	8.36778e+15	16.9045	7e+16
12 	2000  	9.625e+14 	8.1516e+15 	11.8123	7e+16
13 	2000  	1.155e+15 	8.91717e+15	11.8123	7e+16
14 	2000  	1.89e+15  	1.13458e+16	11.8123	7e+16


[45.80971863010427, -41.36576107672736, 17.070896160055714, 1.3762600643175924, 0.7302432597152138, -3.9985446158043088, -104.90726418893773, 0.015429408995917937, 19.07307774388481, 0.12209900919900056, 0.1647862521653345, 2.1619645089223596, 0.006545278057181789, 0.11277152886037538, -37.07908939115266, 2.698385767828876, -86.2876277147139, 0.05615735717762703, 69.44202824473317, 0.021716143903421303, 112.55355271140219, -63.152692175588285, 45.11757855905138, 50.42319811178541]
gen	nevals	avg       	std        	min    	max  
1  	2000  	4.025e+15 	1.62957e+16	138.975	7e+16
2  	2000  	4.2e+15   	1.66241e+16	60.3301	7e+16
3  	2000  	1.715e+15 	1.08217e+16	60.3301	7e+16
4  	2000  	1.855e+15 	1.12432e+16	26.5082	7e+16
5  	2000  	1.82e+15  	1.11395e+16	26.5082	7e+16
6  	2000  	1.68e+15  	1.07134e+16	19.2835	7e+16
7  	2000  	1.4e+15   	9.8e+15    	19.2835	7e+16
8  	2000  	1.7675e+15	1.09818e+16	19.2835	7e+16
9  	2000  	1.225e+15 	9.17875e+15	19.2835	7e+16
10 	2000  	8.225e+14 	7.54311e+15	16.9045	7e+16
11 	2000  	1.015e+15 	8.36778e+15	16.9045	7e+16
12 	2000  	9.625e+14 	8.1516e+15 	11.8123	7e+16
13 	2000  	1.155e+15 	8.91717e+15	11.8123	7e+16
14 	2000  	1.89e+15  	1.13458e+16	11.8123	7e+16
15 	2000  	1.995e+15 	1.16477e+16	11.8123	7e+16


[46.23805552905003, -53.61204074781718, 21.545442007652685, 1.456000889591, 1.6932443670092903, -2.078541120594167, -109.85961827012598, 0.49639446010438415, 18.261659815241405, 0.09915284144139688, 0.20381647920505386, 3.8073870724449157, 0.18383136626822827, 0.11317177568642645, -37.07908939115266, 3.9252641091234217, -36.01264084453304, 0.058353697946075575, 72.87131722968742, 0.8937244850259523, 33.91512359803104, -43.23624812266131, -43.04248084977132, 48.53181595801058]
gen	nevals	avg       	std        	min    	max  
1  	2000  	4.025e+15 	1.62957e+16	138.975	7e+16
2  	2000  	4.2e+15   	1.66241e+16	60.3301	7e+16
3  	2000  	1.715e+15 	1.08217e+16	60.3301	7e+16
4  	2000  	1.855e+15 	1.12432e+16	26.5082	7e+16
5  	2000  	1.82e+15  	1.11395e+16	26.5082	7e+16
6  	2000  	1.68e+15  	1.07134e+16	19.2835	7e+16
7  	2000  	1.4e+15   	9.8e+15    	19.2835	7e+16
8  	2000  	1.7675e+15	1.09818e+16	19.2835	7e+16
9  	2000  	1.225e+15 	9.17875e+15	19.2835	7e+16
10 	2000  	8.225e+14 	7.54311e+15	16.9045	7e+16
11 	2000  	1.015e+15 	8.36778e+15	16.9045	7e+16
12 	2000  	9.625e+14 	8.1516e+15 	11.8123	7e+16
13 	2000  	1.155e+15 	8.91717e+15	11.8123	7e+16
14 	2000  	1.89e+15  	1.13458e+16	11.8123	7e+16
15 	2000  	1.995e+15 	1.16477e+16	11.8123	7e+16
16 	2000  	2.555e+15 	1.31271e+16	11.4275	7e+16


[46.23805552905003, -53.61204074781718, 21.545442007652685, 1.456000889591, 1.6932443670092903, -2.078541120594167, -109.85961827012598, 0.49639446010438415, 18.261659815241405, 0.09915284144139688, 0.20381647920505386, 3.8073870724449157, 0.18383136626822827, 0.11317177568642645, -37.07908939115266, 3.9252641091234217, -36.01264084453304, 0.058353697946075575, 72.87131722968742, 0.8937244850259523, 33.91512359803104, -43.23624812266131, -43.04248084977132, 48.53181595801058]
gen	nevals	avg       	std        	min    	max  
1  	2000  	4.025e+15 	1.62957e+16	138.975	7e+16
2  	2000  	4.2e+15   	1.66241e+16	60.3301	7e+16
3  	2000  	1.715e+15 	1.08217e+16	60.3301	7e+16
4  	2000  	1.855e+15 	1.12432e+16	26.5082	7e+16
5  	2000  	1.82e+15  	1.11395e+16	26.5082	7e+16
6  	2000  	1.68e+15  	1.07134e+16	19.2835	7e+16
7  	2000  	1.4e+15   	9.8e+15    	19.2835	7e+16
8  	2000  	1.7675e+15	1.09818e+16	19.2835	7e+16
9  	2000  	1.225e+15 	9.17875e+15	19.2835	7e+16
10 	2000  	8.225e+14 	7.54311e+15	16.9045	7e+16
11 	2000  	1.015e+15 	8.36778e+15	16.9045	7e+16
12 	2000  	9.625e+14 	8.1516e+15 	11.8123	7e+16
13 	2000  	1.155e+15 	8.91717e+15	11.8123	7e+16
14 	2000  	1.89e+15  	1.13458e+16	11.8123	7e+16
15 	2000  	1.995e+15 	1.16477e+16	11.8123	7e+16
16 	2000  	2.555e+15 	1.31271e+16	11.4275	7e+16
17 	2000  	2.765e+15 	1.36347e+16	11.4275	7e+16


[46.23805552905003, -53.61204074781718, 21.545442007652685, 1.456000889591, 1.6932443670092903, -2.078541120594167, -109.85961827012598, 0.49639446010438415, 18.261659815241405, 0.09915284144139688, 0.20381647920505386, 3.8073870724449157, 0.18383136626822827, 0.11317177568642645, -37.07908939115266, 3.9252641091234217, -36.01264084453304, 0.058353697946075575, 72.87131722968742, 0.8937244850259523, 33.91512359803104, -43.23624812266131, -43.04248084977132, 48.53181595801058]
gen	nevals	avg       	std        	min    	max  
1  	2000  	4.025e+15 	1.62957e+16	138.975	7e+16
2  	2000  	4.2e+15   	1.66241e+16	60.3301	7e+16
3  	2000  	1.715e+15 	1.08217e+16	60.3301	7e+16
4  	2000  	1.855e+15 	1.12432e+16	26.5082	7e+16
5  	2000  	1.82e+15  	1.11395e+16	26.5082	7e+16
6  	2000  	1.68e+15  	1.07134e+16	19.2835	7e+16
7  	2000  	1.4e+15   	9.8e+15    	19.2835	7e+16
8  	2000  	1.7675e+15	1.09818e+16	19.2835	7e+16
9  	2000  	1.225e+15 	9.17875e+15	19.2835	7e+16
10 	2000  	8.225e+14 	7.54311e+15	16.9045	7e+16
11 	2000  	1.015e+15 	8.36778e+15	16.9045	7e+16
12 	2000  	9.625e+14 	8.1516e+15 	11.8123	7e+16
13 	2000  	1.155e+15 	8.91717e+15	11.8123	7e+16
14 	2000  	1.89e+15  	1.13458e+16	11.8123	7e+16
15 	2000  	1.995e+15 	1.16477e+16	11.8123	7e+16
16 	2000  	2.555e+15 	1.31271e+16	11.4275	7e+16
17 	2000  	2.765e+15 	1.36347e+16	11.4275	7e+16
18 	2000  	1.575e+15 	1.03812e+16	11.4275	7e+16


[46.23805552905003, -53.61204074781718, 21.545442007652685, 1.456000889591, 1.6932443670092903, -2.078541120594167, -109.85961827012598, 0.49639446010438415, 18.261659815241405, 0.09915284144139688, 0.20381647920505386, 3.8073870724449157, 0.18383136626822827, 0.11317177568642645, -37.07908939115266, 3.9252641091234217, -36.01264084453304, 0.058353697946075575, 72.87131722968742, 0.8937244850259523, 33.91512359803104, -43.23624812266131, -43.04248084977132, 48.53181595801058]
gen	nevals	avg       	std        	min    	max  
1  	2000  	4.025e+15 	1.62957e+16	138.975	7e+16
2  	2000  	4.2e+15   	1.66241e+16	60.3301	7e+16
3  	2000  	1.715e+15 	1.08217e+16	60.3301	7e+16
4  	2000  	1.855e+15 	1.12432e+16	26.5082	7e+16
5  	2000  	1.82e+15  	1.11395e+16	26.5082	7e+16
6  	2000  	1.68e+15  	1.07134e+16	19.2835	7e+16
7  	2000  	1.4e+15   	9.8e+15    	19.2835	7e+16
8  	2000  	1.7675e+15	1.09818e+16	19.2835	7e+16
9  	2000  	1.225e+15 	9.17875e+15	19.2835	7e+16
10 	2000  	8.225e+14 	7.54311e+15	16.9045	7e+16
11 	2000  	1.015e+15 	8.36778e+15	16.9045	7e+16
12 	2000  	9.625e+14 	8.1516e+15 	11.8123	7e+16
13 	2000  	1.155e+15 	8.91717e+15	11.8123	7e+16
14 	2000  	1.89e+15  	1.13458e+16	11.8123	7e+16
15 	2000  	1.995e+15 	1.16477e+16	11.8123	7e+16
16 	2000  	2.555e+15 	1.31271e+16	11.4275	7e+16
17 	2000  	2.765e+15 	1.36347e+16	11.4275	7e+16
18 	2000  	1.575e+15 	1.03812e+16	11.4275	7e+16
19 	2000  	1.505e+15 	1.01531e+16	11.4275	7e+16


[46.58774961113207, -53.61204074781718, 20.97681436772421, 1.5947318995531006, 1.8957780809698859, -2.078541120594167, -131.63226966807744, 0.48946812776643706, 17.420476891403467, 0.0815568260554804, 0.1943915988560718, 3.8073870724449157, 0.04092165373516461, 0.1262814813695013, -37.07908939115266, 3.896275133409821, -93.87303907891554, 0.05722742622184579, 57.04044459289819, 1.0755092927591954, 35.60214993382173, -18.25413999169442, 58.173281934255485, 53.29063708799097]
gen	nevals	avg       	std        	min    	max  
1  	2000  	4.025e+15 	1.62957e+16	138.975	7e+16
2  	2000  	4.2e+15   	1.66241e+16	60.3301	7e+16
3  	2000  	1.715e+15 	1.08217e+16	60.3301	7e+16
4  	2000  	1.855e+15 	1.12432e+16	26.5082	7e+16
5  	2000  	1.82e+15  	1.11395e+16	26.5082	7e+16
6  	2000  	1.68e+15  	1.07134e+16	19.2835	7e+16
7  	2000  	1.4e+15   	9.8e+15    	19.2835	7e+16
8  	2000  	1.7675e+15	1.09818e+16	19.2835	7e+16
9  	2000  	1.225e+15 	9.17875e+15	19.2835	7e+16
10 	2000  	8.225e+14 	7.54311e+15	16.9045	7e+16
11 	2000  	1.015e+15 	8.36778e+15	16.9045	7e+16
12 	2000  	9.625e+14 	8.1516e+15 	11.8123	7e+16
13 	2000  	1.155e+15 	8.91717e+15	11.8123	7e+16
14 	2000  	1.89e+15  	1.13458e+16	11.8123	7e+16
15 	2000  	1.995e+15 	1.16477e+16	11.8123	7e+16
16 	2000  	2.555e+15 	1.31271e+16	11.4275	7e+16
17 	2000  	2.765e+15 	1.36347e+16	11.4275	7e+16
18 	2000  	1.575e+15 	1.03812e+16	11.4275	7e+16
19 	2000  	1.505e+15 	1.01531e+16	11.4275	7e+16
20 	2000  	1.225e+15 	9.17875e+15	11.0908	7e+16


[10.405998998893793, -36.139607208301754, 23.39459917436954, 1.0573463095895086, 1.5852465423772524, -3.0873197797945116, -107.65660801067801, 5.384157283212504, 7.831678969876137, 0.07313004871346489, 0.15822844381288986, 1.178620094642282, 0.06290504713886545, 0.11633768193009457, -36.54114508633158, 4.522460272090544, -57.542714237548665, 0.05702375606995518, 37.26448890949166, 2.5922192789979563, 7.952980998969021, -91.22110898710967, -26.2696587487314, 49.90845213119852]
gen	nevals	avg       	std        	min    	max  
1  	2000  	4.025e+15 	1.62957e+16	138.975	7e+16
2  	2000  	4.2e+15   	1.66241e+16	60.3301	7e+16
3  	2000  	1.715e+15 	1.08217e+16	60.3301	7e+16
4  	2000  	1.855e+15 	1.12432e+16	26.5082	7e+16
5  	2000  	1.82e+15  	1.11395e+16	26.5082	7e+16
6  	2000  	1.68e+15  	1.07134e+16	19.2835	7e+16
7  	2000  	1.4e+15   	9.8e+15    	19.2835	7e+16
8  	2000  	1.7675e+15	1.09818e+16	19.2835	7e+16
9  	2000  	1.225e+15 	9.17875e+15	19.2835	7e+16
10 	2000  	8.225e+14 	7.54311e+15	16.9045	7e+16
11 	2000  	1.015e+15 	8.36778e+15	16.9045	7e+16
12 	2000  	9.625e+14 	8.1516e+15 	11.8123	7e+16
13 	2000  	1.155e+15 	8.91717e+15	11.8123	7e+16
14 	2000  	1.89e+15  	1.13458e+16	11.8123	7e+16
15 	2000  	1.995e+15 	1.16477e+16	11.8123	7e+16
16 	2000  	2.555e+15 	1.31271e+16	11.4275	7e+16
17 	2000  	2.765e+15 	1.36347e+16	11.4275	7e+16
18 	2000  	1.575e+15 	1.03812e+16	11.4275	7e+16
19 	2000  	1.505e+15 	1.01531e+16	11.4275	7e+16
20 	2000  	1.225e+15 	9.17875e+15	11.0908	7e+16
21 	2000  	8.4e+14   	7.62197e+15	9.74533	7e+16


[47.91378796419701, -53.61204074781718, 16.62060061868174, 1.5354618140471183, 1.5571429587285768, -2.078541120594167, -105.18265409480895, 0.04111790855516895, 12.615067122391393, 0.11368978057532739, 0.16942792974801069, 3.0939913964228363, 0.08739036364963339, 0.18356223110934852, -37.07908939115266, 5.080619672864605, -88.77161709373046, 0.0581627133267467, 78.17920837581032, 0.06569816672848372, 33.27139860557415, -114.21527889856553, 57.76461411563127, 50.42319811178541]
gen	nevals	avg       	std        	min    	max  
1  	2000  	4.025e+15 	1.62957e+16	138.975	7e+16
2  	2000  	4.2e+15   	1.66241e+16	60.3301	7e+16
3  	2000  	1.715e+15 	1.08217e+16	60.3301	7e+16
4  	2000  	1.855e+15 	1.12432e+16	26.5082	7e+16
5  	2000  	1.82e+15  	1.11395e+16	26.5082	7e+16
6  	2000  	1.68e+15  	1.07134e+16	19.2835	7e+16
7  	2000  	1.4e+15   	9.8e+15    	19.2835	7e+16
8  	2000  	1.7675e+15	1.09818e+16	19.2835	7e+16
9  	2000  	1.225e+15 	9.17875e+15	19.2835	7e+16
10 	2000  	8.225e+14 	7.54311e+15	16.9045	7e+16
11 	2000  	1.015e+15 	8.36778e+15	16.9045	7e+16
12 	2000  	9.625e+14 	8.1516e+15 	11.8123	7e+16
13 	2000  	1.155e+15 	8.91717e+15	11.8123	7e+16
14 	2000  	1.89e+15  	1.13458e+16	11.8123	7e+16
15 	2000  	1.995e+15 	1.16477e+16	11.8123	7e+16
16 	2000  	2.555e+15 	1.31271e+16	11.4275	7e+16
17 	2000  	2.765e+15 	1.36347e+16	11.4275	7e+16
18 	2000  	1.575e+15 	1.03812e+16	11.4275	7e+16
19 	2000  	1.505e+15 	1.01531e+16	11.4275	7e+16
20 	2000  	1.225e+15 	9.17875e+15	11.0908	7e+16
21 	2000  	8.4e+14   	7.62197e+15	9.74533	7e+16
22 	2000  	5.6e+14   	6.2359e+15 	9.53146	7e+16


[47.91378796419701, -53.61204074781718, 16.62060061868174, 1.5354618140471183, 1.5571429587285768, -2.078541120594167, -105.18265409480895, 0.04111790855516895, 12.615067122391393, 0.11368978057532739, 0.16942792974801069, 3.0939913964228363, 0.08739036364963339, 0.18356223110934852, -37.07908939115266, 5.080619672864605, -88.77161709373046, 0.0581627133267467, 78.17920837581032, 0.06569816672848372, 33.27139860557415, -114.21527889856553, 57.76461411563127, 50.42319811178541]
gen	nevals	avg       	std        	min    	max  
1  	2000  	4.025e+15 	1.62957e+16	138.975	7e+16
2  	2000  	4.2e+15   	1.66241e+16	60.3301	7e+16
3  	2000  	1.715e+15 	1.08217e+16	60.3301	7e+16
4  	2000  	1.855e+15 	1.12432e+16	26.5082	7e+16
5  	2000  	1.82e+15  	1.11395e+16	26.5082	7e+16
6  	2000  	1.68e+15  	1.07134e+16	19.2835	7e+16
7  	2000  	1.4e+15   	9.8e+15    	19.2835	7e+16
8  	2000  	1.7675e+15	1.09818e+16	19.2835	7e+16
9  	2000  	1.225e+15 	9.17875e+15	19.2835	7e+16
10 	2000  	8.225e+14 	7.54311e+15	16.9045	7e+16
11 	2000  	1.015e+15 	8.36778e+15	16.9045	7e+16
12 	2000  	9.625e+14 	8.1516e+15 	11.8123	7e+16
13 	2000  	1.155e+15 	8.91717e+15	11.8123	7e+16
14 	2000  	1.89e+15  	1.13458e+16	11.8123	7e+16
15 	2000  	1.995e+15 	1.16477e+16	11.8123	7e+16
16 	2000  	2.555e+15 	1.31271e+16	11.4275	7e+16
17 	2000  	2.765e+15 	1.36347e+16	11.4275	7e+16
18 	2000  	1.575e+15 	1.03812e+16	11.4275	7e+16
19 	2000  	1.505e+15 	1.01531e+16	11.4275	7e+16
20 	2000  	1.225e+15 	9.17875e+15	11.0908	7e+16
21 	2000  	8.4e+14   	7.62197e+15	9.74533	7e+16
22 	2000  	5.6e+14   	6.2359e+15 	9.53146	7e+16
23 	2000  	6.475e+14 	6.70117e+15	9.53146	7e+16


[47.91378796419701, -53.61204074781718, 16.62060061868174, 1.5354618140471183, 1.5571429587285768, -2.078541120594167, -105.18265409480895, 0.04111790855516895, 12.615067122391393, 0.11368978057532739, 0.16942792974801069, 3.0939913964228363, 0.08739036364963339, 0.18356223110934852, -37.07908939115266, 5.080619672864605, -88.77161709373046, 0.0581627133267467, 78.17920837581032, 0.06569816672848372, 33.27139860557415, -114.21527889856553, 57.76461411563127, 50.42319811178541]
gen	nevals	avg       	std        	min    	max  
1  	2000  	4.025e+15 	1.62957e+16	138.975	7e+16
2  	2000  	4.2e+15   	1.66241e+16	60.3301	7e+16
3  	2000  	1.715e+15 	1.08217e+16	60.3301	7e+16
4  	2000  	1.855e+15 	1.12432e+16	26.5082	7e+16
5  	2000  	1.82e+15  	1.11395e+16	26.5082	7e+16
6  	2000  	1.68e+15  	1.07134e+16	19.2835	7e+16
7  	2000  	1.4e+15   	9.8e+15    	19.2835	7e+16
8  	2000  	1.7675e+15	1.09818e+16	19.2835	7e+16
9  	2000  	1.225e+15 	9.17875e+15	19.2835	7e+16
10 	2000  	8.225e+14 	7.54311e+15	16.9045	7e+16
11 	2000  	1.015e+15 	8.36778e+15	16.9045	7e+16
12 	2000  	9.625e+14 	8.1516e+15 	11.8123	7e+16
13 	2000  	1.155e+15 	8.91717e+15	11.8123	7e+16
14 	2000  	1.89e+15  	1.13458e+16	11.8123	7e+16
15 	2000  	1.995e+15 	1.16477e+16	11.8123	7e+16
16 	2000  	2.555e+15 	1.31271e+16	11.4275	7e+16
17 	2000  	2.765e+15 	1.36347e+16	11.4275	7e+16
18 	2000  	1.575e+15 	1.03812e+16	11.4275	7e+16
19 	2000  	1.505e+15 	1.01531e+16	11.4275	7e+16
20 	2000  	1.225e+15 	9.17875e+15	11.0908	7e+16
21 	2000  	8.4e+14   	7.62197e+15	9.74533	7e+16
22 	2000  	5.6e+14   	6.2359e+15 	9.53146	7e+16
23 	2000  	6.475e+14 	6.70117e+15	9.53146	7e+16
24 	2000  	3.15e+14  	4.68517e+15	9.53146	7e+16


[11.960262975067158, -36.001614998576876, 18.20958258495698, 1.1380214127299453, 1.3826386732773506, -3.012192468080979, -74.9378193980888, 6.557716472469146, 10.247209959965337, 0.10019856798842613, 0.2715591942359329, 1.1734599626558762, 0.0596500343230638, 0.1003086421643088, -29.83313994469475, 4.2069245800381045, -75.87794900581892, 0.028779798192410534, 27.929542065693436, 2.5013243602101767, 9.530793411769515, -63.14531653089383, -31.33424745588537, 60.14174504609488]
gen	nevals	avg       	std        	min    	max  
1  	2000  	4.025e+15 	1.62957e+16	138.975	7e+16
2  	2000  	4.2e+15   	1.66241e+16	60.3301	7e+16
3  	2000  	1.715e+15 	1.08217e+16	60.3301	7e+16
4  	2000  	1.855e+15 	1.12432e+16	26.5082	7e+16
5  	2000  	1.82e+15  	1.11395e+16	26.5082	7e+16
6  	2000  	1.68e+15  	1.07134e+16	19.2835	7e+16
7  	2000  	1.4e+15   	9.8e+15    	19.2835	7e+16
8  	2000  	1.7675e+15	1.09818e+16	19.2835	7e+16
9  	2000  	1.225e+15 	9.17875e+15	19.2835	7e+16
10 	2000  	8.225e+14 	7.54311e+15	16.9045	7e+16
11 	2000  	1.015e+15 	8.36778e+15	16.9045	7e+16
12 	2000  	9.625e+14 	8.1516e+15 	11.8123	7e+16
13 	2000  	1.155e+15 	8.91717e+15	11.8123	7e+16
14 	2000  	1.89e+15  	1.13458e+16	11.8123	7e+16
15 	2000  	1.995e+15 	1.16477e+16	11.8123	7e+16
16 	2000  	2.555e+15 	1.31271e+16	11.4275	7e+16
17 	2000  	2.765e+15 	1.36347e+16	11.4275	7e+16
18 	2000  	1.575e+15 	1.03812e+16	11.4275	7e+16
19 	2000  	1.505e+15 	1.01531e+16	11.4275	7e+16
20 	2000  	1.225e+15 	9.17875e+15	11.0908	7e+16
21 	2000  	8.4e+14   	7.62197e+15	9.74533	7e+16
22 	2000  	5.6e+14   	6.2359e+15 	9.53146	7e+16
23 	2000  	6.475e+14 	6.70117e+15	9.53146	7e+16
24 	2000  	3.15e+14  	4.68517e+15	9.53146	7e+16
25 	2000  	5.425e+14 	6.13846e+15	9.05268	7e+16


[11.960262975067158, -36.001614998576876, 18.20958258495698, 1.1380214127299453, 1.3826386732773506, -3.012192468080979, -74.9378193980888, 6.557716472469146, 10.247209959965337, 0.10019856798842613, 0.2715591942359329, 1.1734599626558762, 0.0596500343230638, 0.1003086421643088, -29.83313994469475, 4.2069245800381045, -75.87794900581892, 0.028779798192410534, 27.929542065693436, 2.5013243602101767, 9.530793411769515, -63.14531653089383, -31.33424745588537, 60.14174504609488]
gen	nevals	avg       	std        	min    	max  
1  	2000  	4.025e+15 	1.62957e+16	138.975	7e+16
2  	2000  	4.2e+15   	1.66241e+16	60.3301	7e+16
3  	2000  	1.715e+15 	1.08217e+16	60.3301	7e+16
4  	2000  	1.855e+15 	1.12432e+16	26.5082	7e+16
5  	2000  	1.82e+15  	1.11395e+16	26.5082	7e+16
6  	2000  	1.68e+15  	1.07134e+16	19.2835	7e+16
7  	2000  	1.4e+15   	9.8e+15    	19.2835	7e+16
8  	2000  	1.7675e+15	1.09818e+16	19.2835	7e+16
9  	2000  	1.225e+15 	9.17875e+15	19.2835	7e+16
10 	2000  	8.225e+14 	7.54311e+15	16.9045	7e+16
11 	2000  	1.015e+15 	8.36778e+15	16.9045	7e+16
12 	2000  	9.625e+14 	8.1516e+15 	11.8123	7e+16
13 	2000  	1.155e+15 	8.91717e+15	11.8123	7e+16
14 	2000  	1.89e+15  	1.13458e+16	11.8123	7e+16
15 	2000  	1.995e+15 	1.16477e+16	11.8123	7e+16
16 	2000  	2.555e+15 	1.31271e+16	11.4275	7e+16
17 	2000  	2.765e+15 	1.36347e+16	11.4275	7e+16
18 	2000  	1.575e+15 	1.03812e+16	11.4275	7e+16
19 	2000  	1.505e+15 	1.01531e+16	11.4275	7e+16
20 	2000  	1.225e+15 	9.17875e+15	11.0908	7e+16
21 	2000  	8.4e+14   	7.62197e+15	9.74533	7e+16
22 	2000  	5.6e+14   	6.2359e+15 	9.53146	7e+16
23 	2000  	6.475e+14 	6.70117e+15	9.53146	7e+16
24 	2000  	3.15e+14  	4.68517e+15	9.53146	7e+16
25 	2000  	5.425e+14 	6.13846e+15	9.05268	7e+16
26 	2000  	4.725e+14 	5.73164e+15	9.05268	7e+16


[11.960262975067158, -36.001614998576876, 18.20958258495698, 1.1380214127299453, 1.3826386732773506, -3.012192468080979, -74.9378193980888, 6.557716472469146, 10.247209959965337, 0.10019856798842613, 0.2715591942359329, 1.1734599626558762, 0.0596500343230638, 0.1003086421643088, -29.83313994469475, 4.2069245800381045, -75.87794900581892, 0.028779798192410534, 27.929542065693436, 2.5013243602101767, 9.530793411769515, -63.14531653089383, -31.33424745588537, 60.14174504609488]
gen	nevals	avg       	std        	min    	max  
1  	2000  	4.025e+15 	1.62957e+16	138.975	7e+16
2  	2000  	4.2e+15   	1.66241e+16	60.3301	7e+16
3  	2000  	1.715e+15 	1.08217e+16	60.3301	7e+16
4  	2000  	1.855e+15 	1.12432e+16	26.5082	7e+16
5  	2000  	1.82e+15  	1.11395e+16	26.5082	7e+16
6  	2000  	1.68e+15  	1.07134e+16	19.2835	7e+16
7  	2000  	1.4e+15   	9.8e+15    	19.2835	7e+16
8  	2000  	1.7675e+15	1.09818e+16	19.2835	7e+16
9  	2000  	1.225e+15 	9.17875e+15	19.2835	7e+16
10 	2000  	8.225e+14 	7.54311e+15	16.9045	7e+16
11 	2000  	1.015e+15 	8.36778e+15	16.9045	7e+16
12 	2000  	9.625e+14 	8.1516e+15 	11.8123	7e+16
13 	2000  	1.155e+15 	8.91717e+15	11.8123	7e+16
14 	2000  	1.89e+15  	1.13458e+16	11.8123	7e+16
15 	2000  	1.995e+15 	1.16477e+16	11.8123	7e+16
16 	2000  	2.555e+15 	1.31271e+16	11.4275	7e+16
17 	2000  	2.765e+15 	1.36347e+16	11.4275	7e+16
18 	2000  	1.575e+15 	1.03812e+16	11.4275	7e+16
19 	2000  	1.505e+15 	1.01531e+16	11.4275	7e+16
20 	2000  	1.225e+15 	9.17875e+15	11.0908	7e+16
21 	2000  	8.4e+14   	7.62197e+15	9.74533	7e+16
22 	2000  	5.6e+14   	6.2359e+15 	9.53146	7e+16
23 	2000  	6.475e+14 	6.70117e+15	9.53146	7e+16
24 	2000  	3.15e+14  	4.68517e+15	9.53146	7e+16
25 	2000  	5.425e+14 	6.13846e+15	9.05268	7e+16
26 	2000  	4.725e+14 	5.73164e+15	9.05268	7e+16
27 	2000  	6.125e+14 	6.51919e+15	9.05268	7e+16


[11.960262975067158, -36.001614998576876, 18.20958258495698, 1.1380214127299453, 1.3826386732773506, -3.012192468080979, -74.9378193980888, 6.557716472469146, 10.247209959965337, 0.10019856798842613, 0.2715591942359329, 1.1734599626558762, 0.0596500343230638, 0.1003086421643088, -29.83313994469475, 4.2069245800381045, -75.87794900581892, 0.028779798192410534, 27.929542065693436, 2.5013243602101767, 9.530793411769515, -63.14531653089383, -31.33424745588537, 60.14174504609488]
gen	nevals	avg       	std        	min    	max  
1  	2000  	4.025e+15 	1.62957e+16	138.975	7e+16
2  	2000  	4.2e+15   	1.66241e+16	60.3301	7e+16
3  	2000  	1.715e+15 	1.08217e+16	60.3301	7e+16
4  	2000  	1.855e+15 	1.12432e+16	26.5082	7e+16
5  	2000  	1.82e+15  	1.11395e+16	26.5082	7e+16
6  	2000  	1.68e+15  	1.07134e+16	19.2835	7e+16
7  	2000  	1.4e+15   	9.8e+15    	19.2835	7e+16
8  	2000  	1.7675e+15	1.09818e+16	19.2835	7e+16
9  	2000  	1.225e+15 	9.17875e+15	19.2835	7e+16
10 	2000  	8.225e+14 	7.54311e+15	16.9045	7e+16
11 	2000  	1.015e+15 	8.36778e+15	16.9045	7e+16
12 	2000  	9.625e+14 	8.1516e+15 	11.8123	7e+16
13 	2000  	1.155e+15 	8.91717e+15	11.8123	7e+16
14 	2000  	1.89e+15  	1.13458e+16	11.8123	7e+16
15 	2000  	1.995e+15 	1.16477e+16	11.8123	7e+16
16 	2000  	2.555e+15 	1.31271e+16	11.4275	7e+16
17 	2000  	2.765e+15 	1.36347e+16	11.4275	7e+16
18 	2000  	1.575e+15 	1.03812e+16	11.4275	7e+16
19 	2000  	1.505e+15 	1.01531e+16	11.4275	7e+16
20 	2000  	1.225e+15 	9.17875e+15	11.0908	7e+16
21 	2000  	8.4e+14   	7.62197e+15	9.74533	7e+16
22 	2000  	5.6e+14   	6.2359e+15 	9.53146	7e+16
23 	2000  	6.475e+14 	6.70117e+15	9.53146	7e+16
24 	2000  	3.15e+14  	4.68517e+15	9.53146	7e+16
25 	2000  	5.425e+14 	6.13846e+15	9.05268	7e+16
26 	2000  	4.725e+14 	5.73164e+15	9.05268	7e+16
27 	2000  	6.125e+14 	6.51919e+15	9.05268	7e+16
28 	2000  	4.55e+14  	5.62521e+15	9.05268	7e+16


[13.516912989635578, -41.23000343270345, 11.290379050935499, 0.8407805534203683, 0.8755858762222885, -49.99957318738118, -79.45046453742832, 5.384157283212504, 9.992121959560718, 0.1220833439022514, 0.4183969196851779, 0.1619608018626506, 0.06311880163914649, 0.10907334116092324, -36.550734090063806, 4.536208667741189, -67.78982490600859, 0.02990890709161921, 33.429380075316246, 2.9986901195400946, 19.11346401593552, -99.13819904763805, -25.835371427660036, 60.53373236759797]
gen	nevals	avg       	std        	min    	max  
1  	2000  	4.025e+15 	1.62957e+16	138.975	7e+16
2  	2000  	4.2e+15   	1.66241e+16	60.3301	7e+16
3  	2000  	1.715e+15 	1.08217e+16	60.3301	7e+16
4  	2000  	1.855e+15 	1.12432e+16	26.5082	7e+16
5  	2000  	1.82e+15  	1.11395e+16	26.5082	7e+16
6  	2000  	1.68e+15  	1.07134e+16	19.2835	7e+16
7  	2000  	1.4e+15   	9.8e+15    	19.2835	7e+16
8  	2000  	1.7675e+15	1.09818e+16	19.2835	7e+16
9  	2000  	1.225e+15 	9.17875e+15	19.2835	7e+16
10 	2000  	8.225e+14 	7.54311e+15	16.9045	7e+16
11 	2000  	1.015e+15 	8.36778e+15	16.9045	7e+16
12 	2000  	9.625e+14 	8.1516e+15 	11.8123	7e+16
13 	2000  	1.155e+15 	8.91717e+15	11.8123	7e+16
14 	2000  	1.89e+15  	1.13458e+16	11.8123	7e+16
15 	2000  	1.995e+15 	1.16477e+16	11.8123	7e+16
16 	2000  	2.555e+15 	1.31271e+16	11.4275	7e+16
17 	2000  	2.765e+15 	1.36347e+16	11.4275	7e+16
18 	2000  	1.575e+15 	1.03812e+16	11.4275	7e+16
19 	2000  	1.505e+15 	1.01531e+16	11.4275	7e+16
20 	2000  	1.225e+15 	9.17875e+15	11.0908	7e+16
21 	2000  	8.4e+14   	7.62197e+15	9.74533	7e+16
22 	2000  	5.6e+14   	6.2359e+15 	9.53146	7e+16
23 	2000  	6.475e+14 	6.70117e+15	9.53146	7e+16
24 	2000  	3.15e+14  	4.68517e+15	9.53146	7e+16
25 	2000  	5.425e+14 	6.13846e+15	9.05268	7e+16
26 	2000  	4.725e+14 	5.73164e+15	9.05268	7e+16
27 	2000  	6.125e+14 	6.51919e+15	9.05268	7e+16
28 	2000  	4.55e+14  	5.62521e+15	9.05268	7e+16
29 	2000  	4.375e+14 	5.51667e+15	8.74398	7e+16


[13.516912989635578, -41.23000343270345, 11.290379050935499, 0.8407805534203683, 0.8755858762222885, -49.99957318738118, -79.45046453742832, 5.384157283212504, 9.992121959560718, 0.1220833439022514, 0.4183969196851779, 0.1619608018626506, 0.06311880163914649, 0.10907334116092324, -36.550734090063806, 4.536208667741189, -67.78982490600859, 0.02990890709161921, 33.429380075316246, 2.9986901195400946, 19.11346401593552, -99.13819904763805, -25.835371427660036, 60.53373236759797]
gen	nevals	avg       	std        	min    	max  
1  	2000  	4.025e+15 	1.62957e+16	138.975	7e+16
2  	2000  	4.2e+15   	1.66241e+16	60.3301	7e+16
3  	2000  	1.715e+15 	1.08217e+16	60.3301	7e+16
4  	2000  	1.855e+15 	1.12432e+16	26.5082	7e+16
5  	2000  	1.82e+15  	1.11395e+16	26.5082	7e+16
6  	2000  	1.68e+15  	1.07134e+16	19.2835	7e+16
7  	2000  	1.4e+15   	9.8e+15    	19.2835	7e+16
8  	2000  	1.7675e+15	1.09818e+16	19.2835	7e+16
9  	2000  	1.225e+15 	9.17875e+15	19.2835	7e+16
10 	2000  	8.225e+14 	7.54311e+15	16.9045	7e+16
11 	2000  	1.015e+15 	8.36778e+15	16.9045	7e+16
12 	2000  	9.625e+14 	8.1516e+15 	11.8123	7e+16
13 	2000  	1.155e+15 	8.91717e+15	11.8123	7e+16
14 	2000  	1.89e+15  	1.13458e+16	11.8123	7e+16
15 	2000  	1.995e+15 	1.16477e+16	11.8123	7e+16
16 	2000  	2.555e+15 	1.31271e+16	11.4275	7e+16
17 	2000  	2.765e+15 	1.36347e+16	11.4275	7e+16
18 	2000  	1.575e+15 	1.03812e+16	11.4275	7e+16
19 	2000  	1.505e+15 	1.01531e+16	11.4275	7e+16
20 	2000  	1.225e+15 	9.17875e+15	11.0908	7e+16
21 	2000  	8.4e+14   	7.62197e+15	9.74533	7e+16
22 	2000  	5.6e+14   	6.2359e+15 	9.53146	7e+16
23 	2000  	6.475e+14 	6.70117e+15	9.53146	7e+16
24 	2000  	3.15e+14  	4.68517e+15	9.53146	7e+16
25 	2000  	5.425e+14 	6.13846e+15	9.05268	7e+16
26 	2000  	4.725e+14 	5.73164e+15	9.05268	7e+16
27 	2000  	6.125e+14 	6.51919e+15	9.05268	7e+16
28 	2000  	4.55e+14  	5.62521e+15	9.05268	7e+16
29 	2000  	4.375e+14 	5.51667e+15	8.74398	7e+16
30 	2000  	3.85e+14  	5.17704e+15	8.74398	7e+16


[45.78703166081267, -53.61204074781718, 16.631528615951098, 1.5185866440575269, 1.6219875219172897, -2.078541120594167, -92.87896983086578, 1.6913722048354312, 12.610142749571105, 0.16274061019223496, 0.16942792974801069, 3.0939913964228363, 0.1018384551425574, 0.1118640547753323, -36.9490114824012, 5.0768498076959485, -86.31710072656726, 0.024472443274406636, 77.99026730297648, 0.021275887621125086, 114.39570325924251, -108.01498928549788, 55.402693456227716, 49.77274182332608]
gen	nevals	avg       	std        	min    	max  
1  	2000  	4.025e+15 	1.62957e+16	138.975	7e+16
2  	2000  	4.2e+15   	1.66241e+16	60.3301	7e+16
3  	2000  	1.715e+15 	1.08217e+16	60.3301	7e+16
4  	2000  	1.855e+15 	1.12432e+16	26.5082	7e+16
5  	2000  	1.82e+15  	1.11395e+16	26.5082	7e+16
6  	2000  	1.68e+15  	1.07134e+16	19.2835	7e+16
7  	2000  	1.4e+15   	9.8e+15    	19.2835	7e+16
8  	2000  	1.7675e+15	1.09818e+16	19.2835	7e+16
9  	2000  	1.225e+15 	9.17875e+15	19.2835	7e+16
10 	2000  	8.225e+14 	7.54311e+15	16.9045	7e+16
11 	2000  	1.015e+15 	8.36778e+15	16.9045	7e+16
12 	2000  	9.625e+14 	8.1516e+15 	11.8123	7e+16
13 	2000  	1.155e+15 	8.91717e+15	11.8123	7e+16
14 	2000  	1.89e+15  	1.13458e+16	11.8123	7e+16
15 	2000  	1.995e+15 	1.16477e+16	11.8123	7e+16
16 	2000  	2.555e+15 	1.31271e+16	11.4275	7e+16
17 	2000  	2.765e+15 	1.36347e+16	11.4275	7e+16
18 	2000  	1.575e+15 	1.03812e+16	11.4275	7e+16
19 	2000  	1.505e+15 	1.01531e+16	11.4275	7e+16
20 	2000  	1.225e+15 	9.17875e+15	11.0908	7e+16
21 	2000  	8.4e+14   	7.62197e+15	9.74533	7e+16
22 	2000  	5.6e+14   	6.2359e+15 	9.53146	7e+16
23 	2000  	6.475e+14 	6.70117e+15	9.53146	7e+16
24 	2000  	3.15e+14  	4.68517e+15	9.53146	7e+16
25 	2000  	5.425e+14 	6.13846e+15	9.05268	7e+16
26 	2000  	4.725e+14 	5.73164e+15	9.05268	7e+16
27 	2000  	6.125e+14 	6.51919e+15	9.05268	7e+16
28 	2000  	4.55e+14  	5.62521e+15	9.05268	7e+16
29 	2000  	4.375e+14 	5.51667e+15	8.74398	7e+16
30 	2000  	3.85e+14  	5.17704e+15	8.74398	7e+16
31 	2000  	5.25e+14  	6.0394e+15 	7.48301	7e+16


[45.78703166081267, -53.61204074781718, 16.631528615951098, 1.5185866440575269, 1.6219875219172897, -2.078541120594167, -92.87896983086578, 1.6913722048354312, 12.610142749571105, 0.16274061019223496, 0.16942792974801069, 3.0939913964228363, 0.1018384551425574, 0.1118640547753323, -36.9490114824012, 5.0768498076959485, -86.31710072656726, 0.024472443274406636, 77.99026730297648, 0.021275887621125086, 114.39570325924251, -108.01498928549788, 55.402693456227716, 49.77274182332608]
gen	nevals	avg       	std        	min    	max  
1  	2000  	4.025e+15 	1.62957e+16	138.975	7e+16
2  	2000  	4.2e+15   	1.66241e+16	60.3301	7e+16
3  	2000  	1.715e+15 	1.08217e+16	60.3301	7e+16
4  	2000  	1.855e+15 	1.12432e+16	26.5082	7e+16
5  	2000  	1.82e+15  	1.11395e+16	26.5082	7e+16
6  	2000  	1.68e+15  	1.07134e+16	19.2835	7e+16
7  	2000  	1.4e+15   	9.8e+15    	19.2835	7e+16
8  	2000  	1.7675e+15	1.09818e+16	19.2835	7e+16
9  	2000  	1.225e+15 	9.17875e+15	19.2835	7e+16
10 	2000  	8.225e+14 	7.54311e+15	16.9045	7e+16
11 	2000  	1.015e+15 	8.36778e+15	16.9045	7e+16
12 	2000  	9.625e+14 	8.1516e+15 	11.8123	7e+16
13 	2000  	1.155e+15 	8.91717e+15	11.8123	7e+16
14 	2000  	1.89e+15  	1.13458e+16	11.8123	7e+16
15 	2000  	1.995e+15 	1.16477e+16	11.8123	7e+16
16 	2000  	2.555e+15 	1.31271e+16	11.4275	7e+16
17 	2000  	2.765e+15 	1.36347e+16	11.4275	7e+16
18 	2000  	1.575e+15 	1.03812e+16	11.4275	7e+16
19 	2000  	1.505e+15 	1.01531e+16	11.4275	7e+16
20 	2000  	1.225e+15 	9.17875e+15	11.0908	7e+16
21 	2000  	8.4e+14   	7.62197e+15	9.74533	7e+16
22 	2000  	5.6e+14   	6.2359e+15 	9.53146	7e+16
23 	2000  	6.475e+14 	6.70117e+15	9.53146	7e+16
24 	2000  	3.15e+14  	4.68517e+15	9.53146	7e+16
25 	2000  	5.425e+14 	6.13846e+15	9.05268	7e+16
26 	2000  	4.725e+14 	5.73164e+15	9.05268	7e+16
27 	2000  	6.125e+14 	6.51919e+15	9.05268	7e+16
28 	2000  	4.55e+14  	5.62521e+15	9.05268	7e+16
29 	2000  	4.375e+14 	5.51667e+15	8.74398	7e+16
30 	2000  	3.85e+14  	5.17704e+15	8.74398	7e+16
31 	2000  	5.25e+14  	6.0394e+15 	7.48301	7e+16
32 	2000  	5.25e+14  	6.0394e+15 	7.48301	7e+16


[45.78703166081267, -53.61204074781718, 16.631528615951098, 1.5185866440575269, 1.6219875219172897, -2.078541120594167, -92.87896983086578, 1.6913722048354312, 12.610142749571105, 0.16274061019223496, 0.16942792974801069, 3.0939913964228363, 0.1018384551425574, 0.1118640547753323, -36.9490114824012, 5.0768498076959485, -86.31710072656726, 0.024472443274406636, 77.99026730297648, 0.021275887621125086, 114.39570325924251, -108.01498928549788, 55.402693456227716, 49.77274182332608]
gen	nevals	avg       	std        	min    	max  
1  	2000  	4.025e+15 	1.62957e+16	138.975	7e+16
2  	2000  	4.2e+15   	1.66241e+16	60.3301	7e+16
3  	2000  	1.715e+15 	1.08217e+16	60.3301	7e+16
4  	2000  	1.855e+15 	1.12432e+16	26.5082	7e+16
5  	2000  	1.82e+15  	1.11395e+16	26.5082	7e+16
6  	2000  	1.68e+15  	1.07134e+16	19.2835	7e+16
7  	2000  	1.4e+15   	9.8e+15    	19.2835	7e+16
8  	2000  	1.7675e+15	1.09818e+16	19.2835	7e+16
9  	2000  	1.225e+15 	9.17875e+15	19.2835	7e+16
10 	2000  	8.225e+14 	7.54311e+15	16.9045	7e+16
11 	2000  	1.015e+15 	8.36778e+15	16.9045	7e+16
12 	2000  	9.625e+14 	8.1516e+15 	11.8123	7e+16
13 	2000  	1.155e+15 	8.91717e+15	11.8123	7e+16
14 	2000  	1.89e+15  	1.13458e+16	11.8123	7e+16
15 	2000  	1.995e+15 	1.16477e+16	11.8123	7e+16
16 	2000  	2.555e+15 	1.31271e+16	11.4275	7e+16
17 	2000  	2.765e+15 	1.36347e+16	11.4275	7e+16
18 	2000  	1.575e+15 	1.03812e+16	11.4275	7e+16
19 	2000  	1.505e+15 	1.01531e+16	11.4275	7e+16
20 	2000  	1.225e+15 	9.17875e+15	11.0908	7e+16
21 	2000  	8.4e+14   	7.62197e+15	9.74533	7e+16
22 	2000  	5.6e+14   	6.2359e+15 	9.53146	7e+16
23 	2000  	6.475e+14 	6.70117e+15	9.53146	7e+16
24 	2000  	3.15e+14  	4.68517e+15	9.53146	7e+16
25 	2000  	5.425e+14 	6.13846e+15	9.05268	7e+16
26 	2000  	4.725e+14 	5.73164e+15	9.05268	7e+16
27 	2000  	6.125e+14 	6.51919e+15	9.05268	7e+16
28 	2000  	4.55e+14  	5.62521e+15	9.05268	7e+16
29 	2000  	4.375e+14 	5.51667e+15	8.74398	7e+16
30 	2000  	3.85e+14  	5.17704e+15	8.74398	7e+16
31 	2000  	5.25e+14  	6.0394e+15 	7.48301	7e+16
32 	2000  	5.25e+14  	6.0394e+15 	7.48301	7e+16
33 	2000  	5.775e+14 	6.33178e+15	7.48301	7e+16


[45.78703166081267, -53.61204074781718, 16.631528615951098, 1.5185866440575269, 1.6219875219172897, -2.078541120594167, -92.87896983086578, 1.6913722048354312, 12.610142749571105, 0.16274061019223496, 0.16942792974801069, 3.0939913964228363, 0.1018384551425574, 0.1118640547753323, -36.9490114824012, 5.0768498076959485, -86.31710072656726, 0.024472443274406636, 77.99026730297648, 0.021275887621125086, 114.39570325924251, -108.01498928549788, 55.402693456227716, 49.77274182332608]
gen	nevals	avg       	std        	min    	max  
1  	2000  	4.025e+15 	1.62957e+16	138.975	7e+16
2  	2000  	4.2e+15   	1.66241e+16	60.3301	7e+16
3  	2000  	1.715e+15 	1.08217e+16	60.3301	7e+16
4  	2000  	1.855e+15 	1.12432e+16	26.5082	7e+16
5  	2000  	1.82e+15  	1.11395e+16	26.5082	7e+16
6  	2000  	1.68e+15  	1.07134e+16	19.2835	7e+16
7  	2000  	1.4e+15   	9.8e+15    	19.2835	7e+16
8  	2000  	1.7675e+15	1.09818e+16	19.2835	7e+16
9  	2000  	1.225e+15 	9.17875e+15	19.2835	7e+16
10 	2000  	8.225e+14 	7.54311e+15	16.9045	7e+16
11 	2000  	1.015e+15 	8.36778e+15	16.9045	7e+16
12 	2000  	9.625e+14 	8.1516e+15 	11.8123	7e+16
13 	2000  	1.155e+15 	8.91717e+15	11.8123	7e+16
14 	2000  	1.89e+15  	1.13458e+16	11.8123	7e+16
15 	2000  	1.995e+15 	1.16477e+16	11.8123	7e+16
16 	2000  	2.555e+15 	1.31271e+16	11.4275	7e+16
17 	2000  	2.765e+15 	1.36347e+16	11.4275	7e+16
18 	2000  	1.575e+15 	1.03812e+16	11.4275	7e+16
19 	2000  	1.505e+15 	1.01531e+16	11.4275	7e+16
20 	2000  	1.225e+15 	9.17875e+15	11.0908	7e+16
21 	2000  	8.4e+14   	7.62197e+15	9.74533	7e+16
22 	2000  	5.6e+14   	6.2359e+15 	9.53146	7e+16
23 	2000  	6.475e+14 	6.70117e+15	9.53146	7e+16
24 	2000  	3.15e+14  	4.68517e+15	9.53146	7e+16
25 	2000  	5.425e+14 	6.13846e+15	9.05268	7e+16
26 	2000  	4.725e+14 	5.73164e+15	9.05268	7e+16
27 	2000  	6.125e+14 	6.51919e+15	9.05268	7e+16
28 	2000  	4.55e+14  	5.62521e+15	9.05268	7e+16
29 	2000  	4.375e+14 	5.51667e+15	8.74398	7e+16
30 	2000  	3.85e+14  	5.17704e+15	8.74398	7e+16
31 	2000  	5.25e+14  	6.0394e+15 	7.48301	7e+16
32 	2000  	5.25e+14  	6.0394e+15 	7.48301	7e+16
33 	2000  	5.775e+14 	6.33178e+15	7.48301	7e+16
34 	2000  	5.95e+14  	6.42619e+15	7.48301	7e+16


[45.78703166081267, -53.61204074781718, 16.631528615951098, 1.5185866440575269, 1.6219875219172897, -2.078541120594167, -92.87896983086578, 1.6913722048354312, 12.610142749571105, 0.16274061019223496, 0.16942792974801069, 3.0939913964228363, 0.1018384551425574, 0.1118640547753323, -36.9490114824012, 5.0768498076959485, -86.31710072656726, 0.024472443274406636, 77.99026730297648, 0.021275887621125086, 114.39570325924251, -108.01498928549788, 55.402693456227716, 49.77274182332608]
gen	nevals	avg       	std        	min    	max  
1  	2000  	4.025e+15 	1.62957e+16	138.975	7e+16
2  	2000  	4.2e+15   	1.66241e+16	60.3301	7e+16
3  	2000  	1.715e+15 	1.08217e+16	60.3301	7e+16
4  	2000  	1.855e+15 	1.12432e+16	26.5082	7e+16
5  	2000  	1.82e+15  	1.11395e+16	26.5082	7e+16
6  	2000  	1.68e+15  	1.07134e+16	19.2835	7e+16
7  	2000  	1.4e+15   	9.8e+15    	19.2835	7e+16
8  	2000  	1.7675e+15	1.09818e+16	19.2835	7e+16
9  	2000  	1.225e+15 	9.17875e+15	19.2835	7e+16
10 	2000  	8.225e+14 	7.54311e+15	16.9045	7e+16
11 	2000  	1.015e+15 	8.36778e+15	16.9045	7e+16
12 	2000  	9.625e+14 	8.1516e+15 	11.8123	7e+16
13 	2000  	1.155e+15 	8.91717e+15	11.8123	7e+16
14 	2000  	1.89e+15  	1.13458e+16	11.8123	7e+16
15 	2000  	1.995e+15 	1.16477e+16	11.8123	7e+16
16 	2000  	2.555e+15 	1.31271e+16	11.4275	7e+16
17 	2000  	2.765e+15 	1.36347e+16	11.4275	7e+16
18 	2000  	1.575e+15 	1.03812e+16	11.4275	7e+16
19 	2000  	1.505e+15 	1.01531e+16	11.4275	7e+16
20 	2000  	1.225e+15 	9.17875e+15	11.0908	7e+16
21 	2000  	8.4e+14   	7.62197e+15	9.74533	7e+16
22 	2000  	5.6e+14   	6.2359e+15 	9.53146	7e+16
23 	2000  	6.475e+14 	6.70117e+15	9.53146	7e+16
24 	2000  	3.15e+14  	4.68517e+15	9.53146	7e+16
25 	2000  	5.425e+14 	6.13846e+15	9.05268	7e+16
26 	2000  	4.725e+14 	5.73164e+15	9.05268	7e+16
27 	2000  	6.125e+14 	6.51919e+15	9.05268	7e+16
28 	2000  	4.55e+14  	5.62521e+15	9.05268	7e+16
29 	2000  	4.375e+14 	5.51667e+15	8.74398	7e+16
30 	2000  	3.85e+14  	5.17704e+15	8.74398	7e+16
31 	2000  	5.25e+14  	6.0394e+15 	7.48301	7e+16
32 	2000  	5.25e+14  	6.0394e+15 	7.48301	7e+16
33 	2000  	5.775e+14 	6.33178e+15	7.48301	7e+16
34 	2000  	5.95e+14  	6.42619e+15	7.48301	7e+16
35 	2000  	5.25e+14  	6.0394e+15 	7.48301	7e+16


[46.40422354451977, -41.448046677510604, 16.605248164018622, 1.4183563644809392, 0.6464016513467912, -3.58569438484069, -97.4407653595057, 1.7283520766818228, 12.610142749571105, 0.1397522266234985, 0.16942792974801069, 2.1562683120120925, 0.11303711259494414, 0.11189466206453909, -37.0763824032715, 5.0768498076959485, -98.38145499074872, 0.019823732718745872, 77.99026730297648, 0.021275887621125086, 130.73690542202374, -108.01498928549788, 55.922400990395126, 48.52552686555714]
gen	nevals	avg       	std        	min    	max  
1  	2000  	4.025e+15 	1.62957e+16	138.975	7e+16
2  	2000  	4.2e+15   	1.66241e+16	60.3301	7e+16
3  	2000  	1.715e+15 	1.08217e+16	60.3301	7e+16
4  	2000  	1.855e+15 	1.12432e+16	26.5082	7e+16
5  	2000  	1.82e+15  	1.11395e+16	26.5082	7e+16
6  	2000  	1.68e+15  	1.07134e+16	19.2835	7e+16
7  	2000  	1.4e+15   	9.8e+15    	19.2835	7e+16
8  	2000  	1.7675e+15	1.09818e+16	19.2835	7e+16
9  	2000  	1.225e+15 	9.17875e+15	19.2835	7e+16
10 	2000  	8.225e+14 	7.54311e+15	16.9045	7e+16
11 	2000  	1.015e+15 	8.36778e+15	16.9045	7e+16
12 	2000  	9.625e+14 	8.1516e+15 	11.8123	7e+16
13 	2000  	1.155e+15 	8.91717e+15	11.8123	7e+16
14 	2000  	1.89e+15  	1.13458e+16	11.8123	7e+16
15 	2000  	1.995e+15 	1.16477e+16	11.8123	7e+16
16 	2000  	2.555e+15 	1.31271e+16	11.4275	7e+16
17 	2000  	2.765e+15 	1.36347e+16	11.4275	7e+16
18 	2000  	1.575e+15 	1.03812e+16	11.4275	7e+16
19 	2000  	1.505e+15 	1.01531e+16	11.4275	7e+16
20 	2000  	1.225e+15 	9.17875e+15	11.0908	7e+16
21 	2000  	8.4e+14   	7.62197e+15	9.74533	7e+16
22 	2000  	5.6e+14   	6.2359e+15 	9.53146	7e+16
23 	2000  	6.475e+14 	6.70117e+15	9.53146	7e+16
24 	2000  	3.15e+14  	4.68517e+15	9.53146	7e+16
25 	2000  	5.425e+14 	6.13846e+15	9.05268	7e+16
26 	2000  	4.725e+14 	5.73164e+15	9.05268	7e+16
27 	2000  	6.125e+14 	6.51919e+15	9.05268	7e+16
28 	2000  	4.55e+14  	5.62521e+15	9.05268	7e+16
29 	2000  	4.375e+14 	5.51667e+15	8.74398	7e+16
30 	2000  	3.85e+14  	5.17704e+15	8.74398	7e+16
31 	2000  	5.25e+14  	6.0394e+15 	7.48301	7e+16
32 	2000  	5.25e+14  	6.0394e+15 	7.48301	7e+16
33 	2000  	5.775e+14 	6.33178e+15	7.48301	7e+16
34 	2000  	5.95e+14  	6.42619e+15	7.48301	7e+16
35 	2000  	5.25e+14  	6.0394e+15 	7.48301	7e+16
36 	2000  	4.9e+14   	5.83609e+15	7.31586	7e+16


[46.40422354451977, -41.448046677510604, 16.605248164018622, 1.4183563644809392, 0.6464016513467912, -3.58569438484069, -97.4407653595057, 1.7283520766818228, 12.610142749571105, 0.1397522266234985, 0.16942792974801069, 2.1562683120120925, 0.11303711259494414, 0.11189466206453909, -37.0763824032715, 5.0768498076959485, -98.38145499074872, 0.019823732718745872, 77.99026730297648, 0.021275887621125086, 130.73690542202374, -108.01498928549788, 55.922400990395126, 48.52552686555714]
gen	nevals	avg        	std        	min    	max  
1  	2000  	4.025e+15  	1.62957e+16	138.975	7e+16
2  	2000  	4.2e+15    	1.66241e+16	60.3301	7e+16
3  	2000  	1.715e+15  	1.08217e+16	60.3301	7e+16
4  	2000  	1.855e+15  	1.12432e+16	26.5082	7e+16
5  	2000  	1.82e+15   	1.11395e+16	26.5082	7e+16
6  	2000  	1.68e+15   	1.07134e+16	19.2835	7e+16
7  	2000  	1.4e+15    	9.8e+15    	19.2835	7e+16
8  	2000  	1.7675e+15 	1.09818e+16	19.2835	7e+16
9  	2000  	1.225e+15  	9.17875e+15	19.2835	7e+16
10 	2000  	8.225e+14  	7.54311e+15	16.9045	7e+16
11 	2000  	1.015e+15  	8.36778e+15	16.9045	7e+16
12 	2000  	9.625e+14  	8.1516e+15 	11.8123	7e+16
13 	2000  	1.155e+15  	8.91717e+15	11.8123	7e+16
14 	2000  	1.89e+15   	1.13458e+16	11.8123	7e+16
15 	2000  	1.995e+15  	1.16477e+16	11.8123	7e+16
16 	2000  	2.555e+15  	1.31271e+16	11.4275	7e+16
17 	2000  	2.765e+15  	1.36347e+16	11.4275	7e+16
18 	2000  	1.575e+15  	1.03812e+16	11.4275	7e+16
19 	2000  	1.505e+15  	1.01531e+16	11.4275	7e+16
20 	2000  	1.225e+15  	9.17875e+15	11.0908	7e+16
21 	2000  	8.4e+14    	7.62197e+15	9.74533	7e+16
22 	2000  	5.6e+14    	6.2359e+15 	9.53146	7e+16
23 	2000  	6.475e+14  	6.70117e+15	9.53146	7e+16
24 	2000  	3.15e+14   	4.68517e+15	9.53146	7e+16
25 	2000  	5.425e+14  	6.13846e+15	9.05268	7e+16
26 	2000  	4.725e+14  	5.73164e+15	9.05268	7e+16
27 	2000  	6.125e+14  	6.51919e+15	9.05268	7e+16
28 	2000  	4.55e+14   	5.62521e+15	9.05268	7e+16
29 	2000  	4.375e+14  	5.51667e+15	8.74398	7e+16
30 	2000  	3.85e+14   	5.17704e+15	8.74398	7e+16
31 	2000  	5.25e+14   	6.0394e+15 	7.48301	7e+16
32 	2000  	5.25e+14   	6.0394e+15 	7.48301	7e+16
33 	2000  	5.775e+14  	6.33178e+15	7.48301	7e+16
34 	2000  	5.95e+14   	6.42619e+15	7.48301	7e+16
35 	2000  	5.25e+14   	6.0394e+15 	7.48301	7e+16
36 	2000  	4.9e+14    	5.83609e+15	7.31586	7e+16
37 	2000  	7.35024e+14	7.13511e+15	7.48301	7e+16


[46.40422354451977, -41.448046677510604, 16.605248164018622, 1.4183563644809392, 0.6464016513467912, -3.58569438484069, -97.4407653595057, 1.7283520766818228, 12.610142749571105, 0.1397522266234985, 0.16942792974801069, 2.1562683120120925, 0.11303711259494414, 0.11189466206453909, -37.0763824032715, 5.0768498076959485, -98.38145499074872, 0.019823732718745872, 77.99026730297648, 0.021275887621125086, 130.73690542202374, -108.01498928549788, 55.922400990395126, 48.52552686555714]
gen	nevals	avg        	std        	min    	max  
1  	2000  	4.025e+15  	1.62957e+16	138.975	7e+16
2  	2000  	4.2e+15    	1.66241e+16	60.3301	7e+16
3  	2000  	1.715e+15  	1.08217e+16	60.3301	7e+16
4  	2000  	1.855e+15  	1.12432e+16	26.5082	7e+16
5  	2000  	1.82e+15   	1.11395e+16	26.5082	7e+16
6  	2000  	1.68e+15   	1.07134e+16	19.2835	7e+16
7  	2000  	1.4e+15    	9.8e+15    	19.2835	7e+16
8  	2000  	1.7675e+15 	1.09818e+16	19.2835	7e+16
9  	2000  	1.225e+15  	9.17875e+15	19.2835	7e+16
10 	2000  	8.225e+14  	7.54311e+15	16.9045	7e+16
11 	2000  	1.015e+15  	8.36778e+15	16.9045	7e+16
12 	2000  	9.625e+14  	8.1516e+15 	11.8123	7e+16
13 	2000  	1.155e+15  	8.91717e+15	11.8123	7e+16
14 	2000  	1.89e+15   	1.13458e+16	11.8123	7e+16
15 	2000  	1.995e+15  	1.16477e+16	11.8123	7e+16
16 	2000  	2.555e+15  	1.31271e+16	11.4275	7e+16
17 	2000  	2.765e+15  	1.36347e+16	11.4275	7e+16
18 	2000  	1.575e+15  	1.03812e+16	11.4275	7e+16
19 	2000  	1.505e+15  	1.01531e+16	11.4275	7e+16
20 	2000  	1.225e+15  	9.17875e+15	11.0908	7e+16
21 	2000  	8.4e+14    	7.62197e+15	9.74533	7e+16
22 	2000  	5.6e+14    	6.2359e+15 	9.53146	7e+16
23 	2000  	6.475e+14  	6.70117e+15	9.53146	7e+16
24 	2000  	3.15e+14   	4.68517e+15	9.53146	7e+16
25 	2000  	5.425e+14  	6.13846e+15	9.05268	7e+16
26 	2000  	4.725e+14  	5.73164e+15	9.05268	7e+16
27 	2000  	6.125e+14  	6.51919e+15	9.05268	7e+16
28 	2000  	4.55e+14   	5.62521e+15	9.05268	7e+16
29 	2000  	4.375e+14  	5.51667e+15	8.74398	7e+16
30 	2000  	3.85e+14   	5.17704e+15	8.74398	7e+16
31 	2000  	5.25e+14   	6.0394e+15 	7.48301	7e+16
32 	2000  	5.25e+14   	6.0394e+15 	7.48301	7e+16
33 	2000  	5.775e+14  	6.33178e+15	7.48301	7e+16
34 	2000  	5.95e+14   	6.42619e+15	7.48301	7e+16
35 	2000  	5.25e+14   	6.0394e+15 	7.48301	7e+16
36 	2000  	4.9e+14    	5.83609e+15	7.31586	7e+16
37 	2000  	7.35024e+14	7.13511e+15	7.48301	7e+16
38 	2000  	5.425e+14  	6.13846e+15	7.48301	7e+16


