[10.908309916817608, -87.10463023817512, 3.0011746787293077, 0.44727487421470496, 0.8785857493328914, -76.12397603410426, -115.27041691162168, 4.617330830819686, 4.375620746753772, 0.2298287526955799, 0.14492631821451327, 0.4297941053181775, 0.1675968061446833, 0.11151263736916048, -54.298139923065605, 18.99767345652441, -2.111031585766284, 0.0859948629597358, 9.759107788483933, 1.0000874705243068, 108.25051269673193, -44.03242631540333, 53.00846454794056, 53.4421399992283]
gen	nevals	avg   	std   	min    	max   
1  	5     	344200	261314	7330.23	790738


[10.908309916817608, -87.10463023817512, 3.0011746787293077, 0.44727487421470496, 0.8785857493328914, -76.12397603410426, -115.27041691162168, 4.617330830819686, 4.375620746753772, 0.2298287526955799, 0.14492631821451327, 0.4297941053181775, 0.1675968061446833, 0.11151263736916048, -54.298139923065605, 18.99767345652441, -2.111031585766284, 0.0859948629597358, 9.759107788483933, 1.0000874705243068, 108.25051269673193, -44.03242631540333, 53.00846454794056, 53.4421399992283]
gen	nevals	avg   	std   	min    	max   
1  	5     	344200	261314	7330.23	790738
2  	5     	299603	222496	7330.23	790738


[14.116339734596394, -105.7574788155498, 75.93053925786586, 0.5339778695204837, 0.8213019134260324, -56.21857431787869, -54.782496585816155, 4.916398751699636, 4.352853421963827, 0.24167915214219812, 0.050610647876419224, 1.4519353334703955, 0.15241103816615303, 0.0817661152647446, -98.60358424380856, 6.842357056248698, -113.86110284047703, 0.07040476278594576, 77.5397295901596, 1.0148260008990162, 110.42115194304803, -80.92535177328675, 52.96622486690901, 53.937005177853564]
gen	nevals	avg   	std   	min    	max        
1  	5     	344200	261314	7330.23	790738     
2  	5     	299603	222496	7330.23	790738     
3  	5     	319485	371831	2871.82	1.23048e+06


[14.116339734596394, -105.7574788155498, 75.93053925786586, 0.5339778695204837, 0.8213019134260324, -56.21857431787869, -54.782496585816155, 4.916398751699636, 4.352853421963827, 0.24167915214219812, 0.050610647876419224, 1.4519353334703955, 0.15241103816615303, 0.0817661152647446, -98.60358424380856, 6.842357056248698, -113.86110284047703, 0.07040476278594576, 77.5397295901596, 1.0148260008990162, 110.42115194304803, -80.92535177328675, 52.96622486690901, 53.937005177853564]
gen	nevals	avg   	std   	min    	max        
1  	5     	344200	261314	7330.23	790738     
2  	5     	299603	222496	7330.23	790738     
3  	5     	319485	371831	2871.82	1.23048e+06
4  	5     	718778	725426	39793.5	2.65951e+06


[14.116339734596394, -105.7574788155498, 75.93053925786586, 0.5339778695204837, 0.8213019134260324, -56.21857431787869, -54.782496585816155, 4.916398751699636, 4.352853421963827, 0.24167915214219812, 0.050610647876419224, 1.4519353334703955, 0.15241103816615303, 0.0817661152647446, -98.60358424380856, 6.842357056248698, -113.86110284047703, 0.07040476278594576, 77.5397295901596, 1.0148260008990162, 110.42115194304803, -80.92535177328675, 52.96622486690901, 53.937005177853564]
gen	nevals	avg   	std    	min    	max        
1  	5     	344200	261314 	7330.23	790738     
2  	5     	299603	222496 	7330.23	790738     
3  	5     	319485	371831 	2871.82	1.23048e+06
4  	5     	718778	725426 	39793.5	2.65951e+06
5  	5     	7e+15 	2.1e+16	3307.01	7e+16      


[14.116339734596394, -105.7574788155498, 75.93053925786586, 0.5339778695204837, 0.8213019134260324, -56.21857431787869, -54.782496585816155, 4.916398751699636, 4.352853421963827, 0.24167915214219812, 0.050610647876419224, 1.4519353334703955, 0.15241103816615303, 0.0817661152647446, -98.60358424380856, 6.842357056248698, -113.86110284047703, 0.07040476278594576, 77.5397295901596, 1.0148260008990162, 110.42115194304803, -80.92535177328675, 52.96622486690901, 53.937005177853564]
gen	nevals	avg    	std    	min    	max        
1  	5     	344200 	261314 	7330.23	790738     
2  	5     	299603 	222496 	7330.23	790738     
3  	5     	319485 	371831 	2871.82	1.23048e+06
4  	5     	718778 	725426 	39793.5	2.65951e+06
5  	5     	7e+15  	2.1e+16	3307.01	7e+16      
6  	5     	1.4e+16	2.8e+16	145457 	7e+16      


