0.01044	-9.35E-09
0.01046	-9.43E-09
0.01048	-9.34E-09
0.0105	-9.09E-09
0.01052	-8.71E-09
0.01054	-8.24E-09
0.01056	-7.72E-09
0.01058	-7.20E-09
0.0106	-6.67E-09
0.01062	-6.15E-09
0.01064	-5.68E-09
0.01066	-5.23E-09
0.01068	-4.84E-09
0.0107	-4.47E-09
0.01072	-4.15E-09
0.01074	-3.87E-09
0.01076	-3.63E-09
0.01078	-3.41E-09
0.0108	-3.20E-09
0.01082	-3.02E-09
0.01084	-2.84E-09
0.01086	-2.68E-09
0.01088	-2.54E-09
0.0109	-2.40E-09
0.01092	-2.28E-09
0.01094	-2.17E-09
0.01096	-2.07E-09
0.01098	-1.98E-09
0.011	-1.90E-09
0.01102	-1.82E-09
0.01104	-1.75E-09
0.01106	-1.68E-09
0.01108	-1.61E-09
0.0111	-1.53E-09
0.01112	-1.47E-09
0.01114	-1.44E-09
0.01116	-1.38E-09
0.01118	-1.31E-09
0.0112	-1.27E-09
0.01122	-1.23E-09
0.01124	-1.18E-09
0.01126	-1.13E-09
0.01128	-1.08E-09
0.0113	-1.05E-09
0.01132	-1.04E-09
0.01134	-1.03E-09
0.01136	-9.90E-10
0.01138	-9.52E-10
0.0114	-9.48E-10
0.01142	-9.31E-10
0.01144	-8.93E-10
0.01146	-8.65E-10
0.01148	-8.50E-10
0.0115	-8.46E-10
0.01152	-8.33E-10
0.01154	-8.08E-10
0.01156	-7.80E-10
0.01158	-7.62E-10
0.0116	-7.48E-10
0.01162	-7.33E-10
0.01164	-7.17E-10
0.01166	-7.17E-10
0.01168	-7.15E-10
0.0117	-6.89E-10
0.01172	-6.67E-10
0.01174	-6.50E-10
0.01176	-6.25E-10
0.01178	-6.09E-10
0.0118	-6.05E-10
0.01182	-6.00E-10
0.01184	-6.21E-10
0.01186	-6.22E-10
0.01188	-6.14E-10
0.0119	-6.21E-10
0.01192	-6.29E-10
0.01194	-6.23E-10
0.01196	-6.20E-10
0.01198	-6.02E-10
0.012	-5.87E-10
0.01202	-5.88E-10
0.01204	-5.94E-10
0.01206	-5.83E-10
0.01208	-5.65E-10
0.0121	-5.53E-10
0.01212	-5.47E-10
0.01214	-5.53E-10
0.01216	-5.48E-10
0.01218	-5.37E-10
0.0122	-5.08E-10
0.01222	-4.97E-10
0.01224	-4.97E-10
0.01226	-4.98E-10
0.01228	-4.91E-10
0.0123	-4.97E-10
0.01232	-5.05E-10
0.01234	-5.06E-10
0.01236	-5.07E-10
0.01238	-5.09E-10
0.0124	-5.17E-10
0.01242	-5.19E-10
0.01244	-5.22E-10
0.01246	-5.14E-10
0.01248	-5.08E-10
0.0125	-5.08E-10
0.01252	-5.02E-10
0.01254	-4.88E-10
0.01256	-4.86E-10
0.01258	-4.78E-10
0.0126	-4.63E-10
0.01262	-4.64E-10
0.01264	-4.63E-10
0.01266	-4.65E-10
0.01268	-4.64E-10
0.0127	-4.59E-10
0.01272	-4.53E-10
0.01274	-4.51E-10
0.01276	-4.39E-10
0.01278	-4.21E-10
0.0128	-4.39E-10
0.01282	-4.41E-10
0.01284	-4.64E-10
0.01286	-4.65E-10
0.01288	-4.59E-10
0.0129	-4.76E-10
0.01292	-4.79E-10
0.01294	-4.79E-10
0.01296	-4.76E-10
0.01298	-4.74E-10
0.013	-4.80E-10
0.01302	-4.72E-10
0.01304	-4.61E-10
0.01306	-4.53E-10
0.01308	-4.54E-10
0.0131	-4.63E-10
0.01312	-4.66E-10
0.01314	-4.65E-10
0.01316	-4.62E-10
0.01318	-4.45E-10
0.0132	-4.24E-10
0.01322	-4.25E-10
0.01324	-4.23E-10
0.01326	-4.32E-10
0.01328	-4.39E-10
0.0133	-4.53E-10
0.01332	-4.54E-10
0.01334	-4.51E-10
0.01336	-4.53E-10
0.01338	-4.51E-10
0.0134	-4.32E-10
0.01342	-4.19E-10
0.01344	-4.10E-10
0.01346	-4.28E-10
0.01348	-4.40E-10
0.0135	-4.14E-10
0.01352	-4.04E-10
0.01354	-3.95E-10
0.01356	-3.78E-10
0.01358	-3.79E-10
0.0136	-3.94E-10
0.01362	-4.10E-10
0.01364	-4.15E-10
0.01366	-4.25E-10
0.01368	-4.19E-10
0.0137	-4.10E-10
0.01372	-4.09E-10
0.01374	-4.18E-10
0.01376	-4.22E-10
0.01378	-4.10E-10
0.0138	-4.06E-10
0.01382	-4.03E-10
0.01384	-4.02E-10
0.01386	-4.02E-10
0.01388	-4.14E-10
0.0139	-4.18E-10
0.01392	-4.13E-10
0.01394	-4.07E-10
0.01396	-4.06E-10
0.01398	-4.21E-10
0.014	-4.35E-10
0.01402	-4.28E-10
0.01404	-3.99E-10
0.01406	-3.90E-10
0.01408	-3.86E-10
0.0141	-3.74E-10
0.01412	-3.63E-10
0.01414	-3.52E-10
0.01416	-3.63E-10
0.01418	-3.80E-10
0.0142	-3.87E-10
0.01422	-3.79E-10
0.01424	-3.81E-10
0.01426	-3.80E-10
0.01428	-3.87E-10
0.0143	-3.87E-10
0.01432	-3.90E-10
0.01434	-3.95E-10
0.01436	-4.00E-10
0.01438	-4.04E-10
0.0144	-4.11E-10
0.01442	-3.98E-10
0.01444	-3.90E-10
0.01446	-3.87E-10
0.01448	-3.79E-10
0.0145	-3.85E-10
0.01452	-3.79E-10
0.01454	-3.78E-10
0.01456	-3.87E-10
0.01458	-3.87E-10
0.0146	-3.70E-10
0.01462	-3.49E-10
0.01464	-3.62E-10
0.01466	-3.60E-10
0.01468	-3.42E-10
0.0147	-3.35E-10
0.01472	-3.37E-10
0.01474	-3.59E-10
0.01476	-3.85E-10
0.01478	-3.86E-10
0.0148	-3.69E-10
0.01482	-3.63E-10
0.01484	-3.71E-10
0.01486	-3.63E-10
0.01488	-3.51E-10
0.0149	-3.40E-10
0.01492	-3.21E-10
0.01494	-3.24E-10
0.01496	-3.38E-10
0.01498	-3.28E-10
0.015	-3.20E-10
0.01502	-3.38E-10
0.01504	-3.75E-10
0.01506	-3.87E-10
0.01508	-3.87E-10
0.0151	-3.77E-10
0.01512	-3.80E-10
0.01514	-3.83E-10
0.01516	-3.77E-10
0.01518	-3.78E-10
0.0152	-3.71E-10
0.01522	-3.53E-10
0.01524	-3.62E-10
0.01526	-3.63E-10
0.01528	-3.52E-10
0.0153	-3.45E-10
0.01532	-3.34E-10
0.01534	-3.19E-10
0.01536	-3.29E-10
0.01538	-3.51E-10
0.0154	-3.48E-10
0.01542	-3.44E-10
0.01544	-3.45E-10
0.01546	-3.51E-10
0.01548	-3.49E-10
0.0155	-3.51E-10
0.01552	-3.68E-10
0.01554	-3.65E-10
0.01556	-3.54E-10
0.01558	-3.63E-10
0.0156	-3.56E-10
0.01562	-3.59E-10
0.01564	-3.58E-10
0.01566	-3.46E-10
0.01568	-3.34E-10
0.0157	-3.32E-10
0.01572	-3.31E-10
0.01574	-3.32E-10
0.01576	-3.36E-10
0.01578	-3.28E-10
0.0158	-3.34E-10
0.01582	-3.32E-10
0.01584	-3.29E-10
0.01586	-3.16E-10
0.01588	-3.22E-10
0.0159	-3.35E-10
0.01592	-3.30E-10
0.01594	-3.32E-10
0.01596	-3.32E-10
0.01598	-3.42E-10
0.016	-3.46E-10
0.01602	-3.43E-10
0.01604	-3.32E-10
0.01606	-3.32E-10
0.01608	-3.30E-10
0.0161	-3.38E-10
0.01612	-3.38E-10
0.01614	-3.26E-10
0.01616	-3.24E-10
0.01618	-3.31E-10
0.0162	-3.31E-10
0.01622	-3.32E-10
0.01624	-3.38E-10
0.01626	-3.38E-10
0.01628	-3.31E-10
0.0163	-3.26E-10
0.01632	-3.15E-10
0.01634	-3.16E-10
0.01636	-3.30E-10
0.01638	-3.27E-10
0.0164	-3.33E-10
0.01642	-3.55E-10
0.01644	-3.66E-10
0.01646	-3.37E-10
0.01648	-3.31E-10
0.0165	-3.38E-10
0.01652	-3.36E-10
0.01654	-3.32E-10
0.01656	-3.30E-10
0.01658	-3.16E-10
0.0166	-3.15E-10
0.01662	-3.11E-10
0.01664	-3.30E-10
0.01666	-3.42E-10
0.01668	-3.48E-10
0.0167	-3.46E-10
0.01672	-3.32E-10
0.01674	-3.26E-10
0.01676	-3.20E-10
0.01678	-3.08E-10
0.0168	-3.00E-10
0.01682	-3.06E-10
0.01684	-3.19E-10
0.01686	-3.31E-10
0.01688	-3.32E-10
0.0169	-3.35E-10
0.01692	-3.35E-10
0.01694	-3.17E-10
0.01696	-3.05E-10
0.01698	-3.02E-10
0.017	-2.85E-10
0.01702	-2.74E-10
0.01704	-2.80E-10
0.01706	-2.84E-10
0.01708	-2.95E-10
0.0171	-3.12E-10
0.01712	-3.15E-10
0.01714	-3.08E-10
0.01716	-2.98E-10
0.01718	-3.17E-10
0.0172	-3.33E-10
0.01722	-3.38E-10
0.01724	-3.29E-10
0.01726	-3.15E-10
0.01728	-3.12E-10
0.0173	-3.18E-10
0.01732	-3.16E-10
0.01734	-2.98E-10
0.01736	-2.87E-10
0.01738	-2.69E-10
0.0174	-2.64E-10
0.01742	-2.63E-10
0.01744	-2.73E-10
0.01746	-2.93E-10
0.01748	-2.99E-10
0.0175	-3.04E-10
