0.01054	-7.75E-09
0.01056	-7.76E-09
0.01058	-7.74E-09
0.0106	-7.70E-09
0.01062	-7.63E-09
0.01064	-7.55E-09
0.01066	-7.47E-09
0.01068	-7.39E-09
0.0107	-7.31E-09
0.01072	-7.22E-09
0.01074	-7.14E-09
0.01076	-7.07E-09
0.01078	-7.01E-09
0.0108	-6.94E-09
0.01082	-6.88E-09
0.01084	-6.81E-09
0.01086	-6.76E-09
0.01088	-6.72E-09
0.0109	-6.68E-09
0.01092	-6.63E-09
0.01094	-6.59E-09
0.01096	-6.54E-09
0.01098	-6.50E-09
0.011	-6.46E-09
0.01102	-6.42E-09
0.01104	-6.38E-09
0.01106	-6.34E-09
0.01108	-6.29E-09
0.0111	-6.25E-09
0.01112	-6.22E-09
0.01114	-6.19E-09
0.01116	-6.16E-09
0.01118	-6.13E-09
0.0112	-6.11E-09
0.01122	-6.09E-09
0.01124	-6.07E-09
0.01126	-6.05E-09
0.01128	-6.02E-09
0.0113	-6.00E-09
0.01132	-5.97E-09
0.01134	-5.95E-09
0.01136	-5.93E-09
0.01138	-5.91E-09
0.0114	-5.90E-09
0.01142	-5.89E-09
0.01144	-5.89E-09
0.01146	-5.88E-09
0.01148	-5.86E-09
0.0115	-5.85E-09
0.01152	-5.83E-09
0.01154	-5.81E-09
0.01156	-5.80E-09
0.01158	-5.80E-09
0.0116	-5.79E-09
0.01162	-5.79E-09
0.01164	-5.78E-09
0.01166	-5.76E-09
0.01168	-5.74E-09
0.0117	-5.72E-09
0.01172	-5.71E-09
0.01174	-5.69E-09
0.01176	-5.68E-09
0.01178	-5.68E-09
0.0118	-5.68E-09
0.01182	-5.68E-09
0.01184	-5.68E-09
0.01186	-5.68E-09
0.01188	-5.66E-09
0.0119	-5.66E-09
0.01192	-5.65E-09
0.01194	-5.65E-09
0.01196	-5.64E-09
0.01198	-5.63E-09
0.012	-5.62E-09
0.01202	-5.61E-09
0.01204	-5.61E-09
0.01206	-5.61E-09
0.01208	-5.60E-09
0.0121	-5.59E-09
0.01212	-5.58E-09
0.01214	-5.57E-09
0.01216	-5.56E-09
0.01218	-5.55E-09
0.0122	-5.54E-09
0.01222	-5.53E-09
0.01224	-5.52E-09
0.01226	-5.51E-09
0.01228	-5.50E-09
0.0123	-5.50E-09
0.01232	-5.50E-09
0.01234	-5.50E-09
0.01236	-5.50E-09
0.01238	-5.50E-09
0.0124	-5.49E-09
0.01242	-5.48E-09
0.01244	-5.47E-09
0.01246	-5.46E-09
0.01248	-5.46E-09
0.0125	-5.45E-09
0.01252	-5.44E-09
0.01254	-5.43E-09
0.01256	-5.42E-09
0.01258	-5.41E-09
0.0126	-5.40E-09
0.01262	-5.40E-09
0.01264	-5.41E-09
0.01266	-5.42E-09
0.01268	-5.44E-09
0.0127	-5.44E-09
0.01272	-5.44E-09
0.01274	-5.44E-09
0.01276	-5.44E-09
0.01278	-5.43E-09
0.0128	-5.42E-09
0.01282	-5.40E-09
0.01284	-5.39E-09
0.01286	-5.38E-09
0.01288	-5.37E-09
0.0129	-5.37E-09
0.01292	-5.36E-09
0.01294	-5.36E-09
0.01296	-5.36E-09
0.01298	-5.36E-09
0.013	-5.35E-09
0.01302	-5.35E-09
0.01304	-5.34E-09
0.01306	-5.34E-09
0.01308	-5.34E-09
0.0131	-5.34E-09
0.01312	-5.34E-09
0.01314	-5.35E-09
0.01316	-5.36E-09
0.01318	-5.36E-09
0.0132	-5.36E-09
0.01322	-5.35E-09
0.01324	-5.35E-09
0.01326	-5.34E-09
0.01328	-5.33E-09
0.0133	-5.32E-09
0.01332	-5.32E-09
0.01334	-5.32E-09
0.01336	-5.32E-09
0.01338	-5.32E-09
0.0134	-5.32E-09
0.01342	-5.33E-09
0.01344	-5.34E-09
0.01346	-5.34E-09
0.01348	-5.33E-09
0.0135	-5.33E-09
0.01352	-5.32E-09
0.01354	-5.31E-09
0.01356	-5.31E-09
0.01358	-5.31E-09
0.0136	-5.30E-09
0.01362	-5.30E-09
0.01364	-5.29E-09
0.01366	-5.28E-09
0.01368	-5.28E-09
0.0137	-5.29E-09
0.01372	-5.30E-09
0.01374	-5.29E-09
0.01376	-5.29E-09
0.01378	-5.28E-09
0.0138	-5.28E-09
0.01382	-5.28E-09
0.01384	-5.28E-09
0.01386	-5.27E-09
0.01388	-5.27E-09
0.0139	-5.27E-09
0.01392	-5.27E-09
0.01394	-5.28E-09
0.01396	-5.29E-09
0.01398	-5.29E-09
0.014	-5.30E-09
0.01402	-5.31E-09
0.01404	-5.32E-09
0.01406	-5.32E-09
0.01408	-5.32E-09
0.0141	-5.31E-09
0.01412	-5.31E-09
0.01414	-5.31E-09
0.01416	-5.31E-09
0.01418	-5.31E-09
0.0142	-5.30E-09
0.01422	-5.30E-09
0.01424	-5.29E-09
0.01426	-5.29E-09
0.01428	-5.29E-09
0.0143	-5.29E-09
0.01432	-5.29E-09
0.01434	-5.29E-09
0.01436	-5.29E-09
0.01438	-5.30E-09
0.0144	-5.30E-09
0.01442	-5.29E-09
0.01444	-5.28E-09
0.01446	-5.28E-09
0.01448	-5.27E-09
0.0145	-5.26E-09
0.01452	-5.25E-09
0.01454	-5.25E-09
0.01456	-5.24E-09
0.01458	-5.24E-09
0.0146	-5.25E-09
0.01462	-5.27E-09
0.01464	-5.28E-09
0.01466	-5.30E-09
0.01468	-5.30E-09
0.0147	-5.29E-09
0.01472	-5.28E-09
0.01474	-5.27E-09
0.01476	-5.26E-09
0.01478	-5.26E-09
0.0148	-5.25E-09
0.01482	-5.25E-09
0.01484	-5.24E-09
0.01486	-5.23E-09
0.01488	-5.22E-09
0.0149	-5.21E-09
0.01492	-5.21E-09
0.01494	-5.22E-09
0.01496	-5.23E-09
0.01498	-5.23E-09
0.015	-5.23E-09
0.01502	-5.23E-09
0.01504	-5.22E-09
0.01506	-5.22E-09
0.01508	-5.23E-09
0.0151	-5.23E-09
0.01512	-5.24E-09
0.01514	-5.24E-09
0.01516	-5.25E-09
0.01518	-5.26E-09
0.0152	-5.27E-09
0.01522	-5.27E-09
0.01524	-5.28E-09
0.01526	-5.28E-09
0.01528	-5.27E-09
0.0153	-5.26E-09
0.01532	-5.26E-09
0.01534	-5.25E-09
0.01536	-5.23E-09
0.01538	-5.22E-09
0.0154	-5.20E-09
0.01542	-5.19E-09
0.01544	-5.19E-09
0.01546	-5.19E-09
0.01548	-5.20E-09
0.0155	-5.20E-09
0.01552	-5.19E-09
0.01554	-5.19E-09
0.01556	-5.18E-09
0.01558	-5.18E-09
0.0156	-5.19E-09
0.01562	-5.20E-09
0.01564	-5.21E-09
0.01566	-5.22E-09
0.01568	-5.23E-09
0.0157	-5.23E-09
0.01572	-5.23E-09
0.01574	-5.23E-09
0.01576	-5.23E-09
0.01578	-5.23E-09
0.0158	-5.22E-09
0.01582	-5.21E-09
0.01584	-5.21E-09
0.01586	-5.20E-09
0.01588	-5.20E-09
0.0159	-5.20E-09
0.01592	-5.21E-09
0.01594	-5.22E-09
0.01596	-5.23E-09
0.01598	-5.24E-09
0.016	-5.24E-09
0.01602	-5.23E-09
0.01604	-5.23E-09
0.01606	-5.23E-09
0.01608	-5.23E-09
0.0161	-5.23E-09
0.01612	-5.22E-09
0.01614	-5.21E-09
0.01616	-5.20E-09
0.01618	-5.18E-09
0.0162	-5.18E-09
0.01622	-5.18E-09
0.01624	-5.18E-09
0.01626	-5.19E-09
0.01628	-5.20E-09
0.0163	-5.20E-09
0.01632	-5.21E-09
0.01634	-5.21E-09
0.01636	-5.21E-09
0.01638	-5.20E-09
0.0164	-5.19E-09
0.01642	-5.18E-09
0.01644	-5.18E-09
0.01646	-5.18E-09
0.01648	-5.19E-09
0.0165	-5.20E-09
0.01652	-5.20E-09
0.01654	-5.21E-09
0.01656	-5.21E-09
0.01658	-5.20E-09
0.0166	-5.20E-09
0.01662	-5.19E-09
0.01664	-5.19E-09
0.01666	-5.19E-09
0.01668	-5.18E-09
0.0167	-5.18E-09
0.01672	-5.18E-09
0.01674	-5.18E-09
0.01676	-5.18E-09
0.01678	-5.18E-09
0.0168	-5.19E-09
0.01682	-5.19E-09
0.01684	-5.19E-09
0.01686	-5.20E-09
0.01688	-5.20E-09
0.0169	-5.20E-09
0.01692	-5.19E-09
0.01694	-5.18E-09
0.01696	-5.18E-09
0.01698	-5.18E-09
0.017	-5.18E-09
0.01702	-5.18E-09
0.01704	-5.18E-09
0.01706	-5.18E-09
0.01708	-5.18E-09
0.0171	-5.17E-09
0.01712	-5.18E-09
0.01714	-5.19E-09
0.01716	-5.20E-09
0.01718	-5.20E-09
0.0172	-5.20E-09
0.01722	-5.20E-09
0.01724	-5.20E-09
0.01726	-5.19E-09
0.01728	-5.18E-09
0.0173	-5.18E-09
0.01732	-5.18E-09
0.01734	-5.18E-09
0.01736	-5.18E-09
0.01738	-5.18E-09
0.0174	-5.18E-09
0.01742	-5.17E-09
0.01744	-5.17E-09
0.01746	-5.16E-09
0.01748	-5.16E-09
0.0175	-5.16E-09
0.01752	-5.16E-09
0.01754	-5.16E-09
0.01756	-5.16E-09
0.01758	-5.16E-09
0.0176	-5.15E-09
0.01762	-5.15E-09
0.01764	-5.15E-09
0.01766	-5.15E-09
0.01768	-5.15E-09
0.0177	-5.14E-09
0.01772	-5.13E-09
0.01774	-5.13E-09
0.01776	-5.12E-09
0.01778	-5.11E-09
0.0178	-5.11E-09
0.01782	-5.11E-09
0.01784	-5.12E-09
0.01786	-5.12E-09
0.01788	-5.12E-09
0.0179	-5.12E-09
0.01792	-5.11E-09
0.01794	-5.11E-09
0.01796	-5.10E-09
0.01798	-5.10E-09
0.018	-5.09E-09
0.01802	-5.10E-09
0.01804	-5.10E-09
0.01806	-5.11E-09
0.01808	-5.12E-09
0.0181	-5.12E-09
0.01812	-5.12E-09
0.01814	-5.12E-09
0.01816	-5.12E-09
0.01818	-5.12E-09
0.0182	-5.12E-09
0.01822	-5.12E-09
0.01824	-5.12E-09
0.01826	-5.12E-09
0.01828	-5.12E-09
0.0183	-5.13E-09
0.01832	-5.13E-09
0.01834	-5.14E-09
0.01836	-5.14E-09
0.01838	-5.14E-09
0.0184	-5.14E-09
0.01842	-5.13E-09
0.01844	-5.13E-09
0.01846	-5.13E-09
0.01848	-5.13E-09
0.0185	-5.13E-09
0.01852	-5.13E-09
0.01854	-5.13E-09
0.01856	-5.14E-09
0.01858	-5.15E-09
0.0186	-5.15E-09
0.01862	-5.15E-09
0.01864	-5.15E-09
0.01866	-5.15E-09
0.01868	-5.14E-09
0.0187	-5.13E-09
0.01872	-5.12E-09
0.01874	-5.11E-09
0.01876	-5.11E-09
0.01878	-5.11E-09
0.0188	-5.12E-09
0.01882	-5.12E-09
0.01884	-5.12E-09
0.01886	-5.12E-09
0.01888	-5.12E-09
0.0189	-5.13E-09
0.01892	-5.14E-09
0.01894	-5.14E-09
0.01896	-5.14E-09
0.01898	-5.14E-09
0.019	-5.15E-09
0.01902	-5.14E-09
0.01904	-5.15E-09
0.01906	-5.15E-09
0.01908	-5.14E-09
0.0191	-5.14E-09
0.01912	-5.14E-09
0.01914	-5.15E-09
0.01916	-5.16E-09
0.01918	-5.17E-09
0.0192	-5.16E-09
0.01922	-5.16E-09
0.01924	-5.15E-09
0.01926	-5.13E-09
0.01928	-5.12E-09
0.0193	-5.12E-09
0.01932	-5.11E-09
0.01934	-5.11E-09
0.01936	-5.12E-09
0.01938	-5.12E-09
0.0194	-5.12E-09
0.01942	-5.12E-09
0.01944	-5.12E-09
0.01946	-5.13E-09
0.01948	-5.13E-09
0.0195	-5.13E-09
0.01952	-5.14E-09
0.01954	-5.14E-09
0.01956	-5.14E-09
0.01958	-5.14E-09
0.0196	-5.14E-09
0.01962	-5.14E-09
0.01964	-5.15E-09
0.01966	-5.15E-09
0.01968	-5.15E-09
0.0197	-5.15E-09
0.01972	-5.15E-09
0.01974	-5.15E-09
0.01976	-5.15E-09
0.01978	-5.15E-09
0.0198	-5.15E-09
0.01982	-5.14E-09
0.01984	-5.15E-09
0.01986	-5.16E-09
0.01988	-5.16E-09
0.0199	-5.17E-09
0.01992	-5.17E-09
0.01994	-5.17E-09
0.01996	-5.17E-09
0.01998	-5.17E-09
0.02	-5.16E-09
0.02002	-5.15E-09
0.02004	-5.15E-09
0.02006	-5.14E-09
0.02008	-5.14E-09
0.0201	-5.13E-09
0.02012	-5.13E-09
0.02014	-5.13E-09
0.02016	-5.13E-09
0.02018	-5.13E-09
0.0202	-5.13E-09
0.02022	-5.13E-09
0.02024	-5.13E-09
0.02026	-5.13E-09
0.02028	-5.14E-09
0.0203	-5.16E-09
0.02032	-5.16E-09
0.02034	-5.17E-09
0.02036	-5.16E-09
0.02038	-5.16E-09
0.0204	-5.14E-09
0.02042	-5.13E-09
0.02044	-5.13E-09
0.02046	-5.12E-09
0.02048	-5.11E-09
0.0205	-5.11E-09
0.02052	-5.10E-09
0.02054	-5.10E-09
0.02056	-5.10E-09
0.02058	-5.12E-09
0.0206	-5.13E-09
0.02062	-5.13E-09
0.02064	-5.14E-09
0.02066	-5.14E-09
0.02068	-5.13E-09
0.0207	-5.12E-09
0.02072	-5.11E-09
0.02074	-5.11E-09
0.02076	-5.11E-09
0.02078	-5.11E-09
0.0208	-5.12E-09
0.02082	-5.12E-09
0.02084	-5.13E-09
0.02086	-5.13E-09
0.02088	-5.14E-09
0.0209	-5.15E-09
0.02092	-5.16E-09
0.02094	-5.16E-09
0.02096	-5.16E-09
0.02098	-5.16E-09
0.021	-5.16E-09
0.02102	-5.16E-09
0.02104	-5.16E-09
0.02106	-5.16E-09
0.02108	-5.16E-09
0.0211	-5.15E-09
0.02112	-5.15E-09
0.02114	-5.15E-09
0.02116	-5.16E-09
0.02118	-5.16E-09
0.0212	-5.16E-09
0.02122	-5.16E-09
0.02124	-5.15E-09
0.02126	-5.14E-09
0.02128	-5.13E-09
0.0213	-5.12E-09
0.02132	-5.11E-09
0.02134	-5.11E-09
0.02136	-5.11E-09
0.02138	-5.11E-09
0.0214	-5.11E-09
0.02142	-5.11E-09
0.02144	-5.11E-09
