0.01084	-9.47E-09
0.01086	-9.54E-09
0.01088	-9.57E-09
0.0109	-9.57E-09
0.01092	-9.54E-09
0.01094	-9.48E-09
0.01096	-9.41E-09
0.01098	-9.31E-09
0.011	-9.20E-09
0.01102	-9.07E-09
0.01104	-8.93E-09
0.01106	-8.78E-09
0.01108	-8.62E-09
0.0111	-8.46E-09
0.01112	-8.31E-09
0.01114	-8.15E-09
0.01116	-7.99E-09
0.01118	-7.84E-09
0.0112	-7.68E-09
0.01122	-7.53E-09
0.01124	-7.40E-09
0.01126	-7.26E-09
0.01128	-7.13E-09
0.0113	-7.01E-09
0.01132	-6.90E-09
0.01134	-6.78E-09
0.01136	-6.67E-09
0.01138	-6.56E-09
0.0114	-6.46E-09
0.01142	-6.36E-09
0.01144	-6.26E-09
0.01146	-6.17E-09
0.01148	-6.08E-09
0.0115	-5.99E-09
0.01152	-5.92E-09
0.01154	-5.84E-09
0.01156	-5.76E-09
0.01158	-5.69E-09
0.0116	-5.62E-09
0.01162	-5.55E-09
0.01164	-5.48E-09
0.01166	-5.42E-09
0.01168	-5.35E-09
0.0117	-5.28E-09
0.01172	-5.22E-09
0.01174	-5.15E-09
0.01176	-5.09E-09
0.01178	-5.03E-09
0.0118	-4.98E-09
0.01182	-4.92E-09
0.01184	-4.87E-09
0.01186	-4.81E-09
0.01188	-4.76E-09
0.0119	-4.71E-09
0.01192	-4.66E-09
0.01194	-4.61E-09
0.01196	-4.57E-09
0.01198	-4.52E-09
0.012	-4.48E-09
0.01202	-4.44E-09
0.01204	-4.41E-09
0.01206	-4.37E-09
0.01208	-4.33E-09
0.0121	-4.29E-09
0.01212	-4.25E-09
0.01214	-4.21E-09
0.01216	-4.16E-09
0.01218	-4.12E-09
0.0122	-4.08E-09
0.01222	-4.04E-09
0.01224	-4.01E-09
0.01226	-3.98E-09
0.01228	-3.96E-09
0.0123	-3.93E-09
0.01232	-3.90E-09
0.01234	-3.87E-09
0.01236	-3.84E-09
0.01238	-3.81E-09
0.0124	-3.79E-09
0.01242	-3.77E-09
0.01244	-3.74E-09
0.01246	-3.72E-09
0.01248	-3.69E-09
0.0125	-3.67E-09
0.01252	-3.64E-09
0.01254	-3.61E-09
0.01256	-3.59E-09
0.01258	-3.57E-09
0.0126	-3.55E-09
0.01262	-3.53E-09
0.01264	-3.51E-09
0.01266	-3.49E-09
0.01268	-3.48E-09
0.0127	-3.47E-09
0.01272	-3.45E-09
0.01274	-3.43E-09
0.01276	-3.42E-09
0.01278	-3.41E-09
0.0128	-3.40E-09
0.01282	-3.39E-09
0.01284	-3.38E-09
0.01286	-3.38E-09
0.01288	-3.37E-09
0.0129	-3.36E-09
0.01292	-3.35E-09
0.01294	-3.33E-09
0.01296	-3.32E-09
0.01298	-3.30E-09
0.013	-3.28E-09
0.01302	-3.26E-09
0.01304	-3.24E-09
0.01306	-3.22E-09
0.01308	-3.21E-09
0.0131	-3.20E-09
0.01312	-3.18E-09
0.01314	-3.17E-09
0.01316	-3.15E-09
0.01318	-3.13E-09
0.0132	-3.12E-09
0.01322	-3.11E-09
0.01324	-3.10E-09
0.01326	-3.09E-09
0.01328	-3.09E-09
0.0133	-3.08E-09
0.01332	-3.08E-09
0.01334	-3.07E-09
0.01336	-3.06E-09
0.01338	-3.04E-09
0.0134	-3.03E-09
0.01342	-3.01E-09
0.01344	-2.99E-09
0.01346	-2.99E-09
0.01348	-2.98E-09
0.0135	-2.97E-09
0.01352	-2.96E-09
0.01354	-2.95E-09
0.01356	-2.94E-09
0.01358	-2.94E-09
0.0136	-2.93E-09
0.01362	-2.92E-09
0.01364	-2.92E-09
0.01366	-2.91E-09
0.01368	-2.89E-09
0.0137	-2.89E-09
0.01372	-2.88E-09
0.01374	-2.87E-09
0.01376	-2.86E-09
0.01378	-2.86E-09
0.0138	-2.85E-09
0.01382	-2.84E-09
0.01384	-2.83E-09
0.01386	-2.82E-09
0.01388	-2.81E-09
0.0139	-2.81E-09
0.01392	-2.80E-09
0.01394	-2.80E-09
0.01396	-2.79E-09
0.01398	-2.79E-09
0.014	-2.78E-09
0.01402	-2.77E-09
0.01404	-2.77E-09
0.01406	-2.76E-09
0.01408	-2.76E-09
0.0141	-2.76E-09
0.01412	-2.75E-09
0.01414	-2.75E-09
0.01416	-2.74E-09
0.01418	-2.74E-09
0.0142	-2.74E-09
0.01422	-2.74E-09
0.01424	-2.74E-09
0.01426	-2.74E-09
0.01428	-2.73E-09
0.0143	-2.73E-09
0.01432	-2.72E-09
0.01434	-2.72E-09
0.01436	-2.72E-09
0.01438	-2.71E-09
0.0144	-2.70E-09
0.01442	-2.69E-09
0.01444	-2.68E-09
0.01446	-2.67E-09
0.01448	-2.67E-09
0.0145	-2.66E-09
0.01452	-2.66E-09
0.01454	-2.65E-09
0.01456	-2.64E-09
0.01458	-2.63E-09
0.0146	-2.62E-09
0.01462	-2.61E-09
0.01464	-2.60E-09
0.01466	-2.59E-09
0.01468	-2.58E-09
0.0147	-2.58E-09
0.01472	-2.57E-09
0.01474	-2.56E-09
0.01476	-2.55E-09
0.01478	-2.55E-09
0.0148	-2.55E-09
0.01482	-2.56E-09
0.01484	-2.56E-09
0.01486	-2.56E-09
0.01488	-2.56E-09
0.0149	-2.56E-09
0.01492	-2.55E-09
0.01494	-2.55E-09
0.01496	-2.54E-09
0.01498	-2.54E-09
0.015	-2.54E-09
0.01502	-2.53E-09
0.01504	-2.53E-09
0.01506	-2.53E-09
0.01508	-2.53E-09
0.0151	-2.53E-09
0.01512	-2.54E-09
0.01514	-2.54E-09
0.01516	-2.54E-09
0.01518	-2.54E-09
0.0152	-2.54E-09
0.01522	-2.54E-09
0.01524	-2.53E-09
0.01526	-2.53E-09
0.01528	-2.53E-09
0.0153	-2.52E-09
0.01532	-2.51E-09
0.01534	-2.51E-09
0.01536	-2.50E-09
0.01538	-2.50E-09
0.0154	-2.50E-09
0.01542	-2.49E-09
0.01544	-2.48E-09
0.01546	-2.48E-09
0.01548	-2.47E-09
0.0155	-2.46E-09
0.01552	-2.46E-09
0.01554	-2.46E-09
0.01556	-2.45E-09
0.01558	-2.45E-09
0.0156	-2.44E-09
0.01562	-2.44E-09
0.01564	-2.45E-09
0.01566	-2.45E-09
0.01568	-2.46E-09
0.0157	-2.46E-09
0.01572	-2.46E-09
0.01574	-2.46E-09
0.01576	-2.46E-09
0.01578	-2.45E-09
0.0158	-2.45E-09
0.01582	-2.45E-09
0.01584	-2.44E-09
0.01586	-2.44E-09
0.01588	-2.44E-09
0.0159	-2.43E-09
0.01592	-2.43E-09
0.01594	-2.43E-09
0.01596	-2.43E-09
0.01598	-2.42E-09
0.016	-2.42E-09
0.01602	-2.41E-09
0.01604	-2.40E-09
0.01606	-2.40E-09
0.01608	-2.39E-09
0.0161	-2.39E-09
0.01612	-2.38E-09
0.01614	-2.38E-09
0.01616	-2.37E-09
0.01618	-2.37E-09
0.0162	-2.37E-09
0.01622	-2.37E-09
0.01624	-2.36E-09
0.01626	-2.36E-09
0.01628	-2.35E-09
0.0163	-2.35E-09
0.01632	-2.34E-09
0.01634	-2.34E-09
0.01636	-2.34E-09
0.01638	-2.34E-09
0.0164	-2.34E-09
0.01642	-2.34E-09
0.01644	-2.33E-09
0.01646	-2.33E-09
0.01648	-2.33E-09
0.0165	-2.33E-09
0.01652	-2.33E-09
0.01654	-2.33E-09
0.01656	-2.33E-09
0.01658	-2.33E-09
0.0166	-2.33E-09
0.01662	-2.32E-09
0.01664	-2.32E-09
0.01666	-2.32E-09
0.01668	-2.32E-09
0.0167	-2.32E-09
0.01672	-2.33E-09
0.01674	-2.33E-09
0.01676	-2.33E-09
0.01678	-2.33E-09
0.0168	-2.33E-09
0.01682	-2.33E-09
0.01684	-2.33E-09
0.01686	-2.33E-09
0.01688	-2.33E-09
0.0169	-2.33E-09
0.01692	-2.33E-09
0.01694	-2.33E-09
0.01696	-2.33E-09
0.01698	-2.33E-09
0.017	-2.33E-09
0.01702	-2.32E-09
0.01704	-2.32E-09
0.01706	-2.32E-09
0.01708	-2.31E-09
0.0171	-2.30E-09
0.01712	-2.30E-09
0.01714	-2.29E-09
0.01716	-2.28E-09
0.01718	-2.28E-09
0.0172	-2.27E-09
0.01722	-2.27E-09
0.01724	-2.27E-09
0.01726	-2.27E-09
0.01728	-2.27E-09
0.0173	-2.27E-09
0.01732	-2.28E-09
0.01734	-2.28E-09
0.01736	-2.28E-09
0.01738	-2.28E-09
0.0174	-2.27E-09
0.01742	-2.27E-09
0.01744	-2.27E-09
0.01746	-2.26E-09
0.01748	-2.26E-09
0.0175	-2.25E-09
0.01752	-2.24E-09
0.01754	-2.24E-09
0.01756	-2.24E-09
0.01758	-2.24E-09
0.0176	-2.24E-09
0.01762	-2.24E-09
0.01764	-2.24E-09
0.01766	-2.23E-09
0.01768	-2.23E-09
0.0177	-2.23E-09
0.01772	-2.22E-09
0.01774	-2.22E-09
0.01776	-2.22E-09
0.01778	-2.21E-09
0.0178	-2.21E-09
0.01782	-2.21E-09
0.01784	-2.21E-09
0.01786	-2.21E-09
0.01788	-2.22E-09
0.0179	-2.22E-09
0.01792	-2.22E-09
0.01794	-2.22E-09
0.01796	-2.22E-09
0.01798	-2.22E-09
0.018	-2.23E-09
0.01802	-2.23E-09
0.01804	-2.23E-09
0.01806	-2.23E-09
0.01808	-2.22E-09
0.0181	-2.21E-09
0.01812	-2.21E-09
0.01814	-2.21E-09
0.01816	-2.21E-09
0.01818	-2.20E-09
0.0182	-2.21E-09
0.01822	-2.20E-09
0.01824	-2.20E-09
0.01826	-2.20E-09
0.01828	-2.20E-09
0.0183	-2.20E-09
0.01832	-2.21E-09
0.01834	-2.21E-09
0.01836	-2.21E-09
0.01838	-2.20E-09
0.0184	-2.20E-09
0.01842	-2.19E-09
0.01844	-2.19E-09
0.01846	-2.19E-09
0.01848	-2.19E-09
0.0185	-2.19E-09
0.01852	-2.19E-09
0.01854	-2.19E-09
0.01856	-2.20E-09
0.01858	-2.20E-09
0.0186	-2.20E-09
0.01862	-2.20E-09
0.01864	-2.21E-09
0.01866	-2.21E-09
0.01868	-2.21E-09
0.0187	-2.21E-09
0.01872	-2.20E-09
0.01874	-2.19E-09
0.01876	-2.19E-09
0.01878	-2.19E-09
0.0188	-2.18E-09
0.01882	-2.17E-09
0.01884	-2.17E-09
0.01886	-2.17E-09
0.01888	-2.17E-09
0.0189	-2.16E-09
0.01892	-2.16E-09
0.01894	-2.16E-09
0.01896	-2.16E-09
0.01898	-2.16E-09
0.019	-2.16E-09
0.01902	-2.17E-09
0.01904	-2.17E-09
0.01906	-2.17E-09
0.01908	-2.17E-09
0.0191	-2.17E-09
0.01912	-2.17E-09
0.01914	-2.16E-09
0.01916	-2.16E-09
0.01918	-2.16E-09
0.0192	-2.16E-09
0.01922	-2.15E-09
0.01924	-2.15E-09
0.01926	-2.15E-09
0.01928	-2.15E-09
0.0193	-2.14E-09
0.01932	-2.14E-09
0.01934	-2.15E-09
0.01936	-2.14E-09
0.01938	-2.14E-09
0.0194	-2.14E-09
0.01942	-2.14E-09
0.01944	-2.15E-09
0.01946	-2.16E-09
0.01948	-2.17E-09
0.0195	-2.17E-09
0.01952	-2.17E-09
0.01954	-2.17E-09
0.01956	-2.17E-09
0.01958	-2.17E-09
0.0196	-2.18E-09
0.01962	-2.17E-09
0.01964	-2.17E-09
0.01966	-2.18E-09
0.01968	-2.18E-09
0.0197	-2.19E-09
0.01972	-2.19E-09
0.01974	-2.19E-09
0.01976	-2.19E-09
0.01978	-2.19E-09
0.0198	-2.19E-09
0.01982	-2.18E-09
0.01984	-2.18E-09
0.01986	-2.18E-09
0.01988	-2.18E-09
0.0199	-2.18E-09
0.01992	-2.18E-09
0.01994	-2.18E-09
0.01996	-2.18E-09
0.01998	-2.18E-09
0.02	-2.18E-09
0.02002	-2.17E-09
0.02004	-2.17E-09
0.02006	-2.17E-09
0.02008	-2.17E-09
0.0201	-2.17E-09
0.02012	-2.16E-09
0.02014	-2.16E-09
0.02016	-2.16E-09
0.02018	-2.16E-09
0.0202	-2.15E-09
0.02022	-2.15E-09
0.02024	-2.14E-09
0.02026	-2.14E-09
0.02028	-2.13E-09
0.0203	-2.13E-09
0.02032	-2.12E-09
0.02034	-2.12E-09
0.02036	-2.12E-09
0.02038	-2.12E-09
0.0204	-2.12E-09
0.02042	-2.12E-09
0.02044	-2.12E-09
0.02046	-2.12E-09
0.02048	-2.13E-09
0.0205	-2.13E-09
0.02052	-2.13E-09
0.02054	-2.13E-09
0.02056	-2.12E-09
0.02058	-2.12E-09
0.0206	-2.12E-09
0.02062	-2.12E-09
0.02064	-2.12E-09
0.02066	-2.12E-09
0.02068	-2.12E-09
0.0207	-2.12E-09
0.02072	-2.12E-09
0.02074	-2.12E-09
0.02076	-2.11E-09
0.02078	-2.11E-09
0.0208	-2.11E-09
0.02082	-2.11E-09
0.02084	-2.12E-09
0.02086	-2.12E-09
0.02088	-2.13E-09
0.0209	-2.14E-09
0.02092	-2.14E-09
0.02094	-2.14E-09
0.02096	-2.14E-09
0.02098	-2.15E-09
0.021	-2.15E-09
0.02102	-2.14E-09
0.02104	-2.13E-09
0.02106	-2.12E-09
0.02108	-2.12E-09
0.0211	-2.12E-09
0.02112	-2.11E-09
0.02114	-2.11E-09
0.02116	-2.11E-09
0.02118	-2.10E-09
0.0212	-2.10E-09
0.02122	-2.10E-09
0.02124	-2.10E-09
0.02126	-2.11E-09
0.02128	-2.11E-09
0.0213	-2.11E-09
0.02132	-2.12E-09
0.02134	-2.12E-09
0.02136	-2.12E-09
0.02138	-2.12E-09
0.0214	-2.12E-09
0.02142	-2.12E-09
0.02144	-2.12E-09
0.02146	-2.11E-09
0.02148	-2.11E-09
0.0215	-2.11E-09
0.02152	-2.10E-09
0.02154	-2.09E-09
0.02156	-2.09E-09
0.02158	-2.09E-09
0.0216	-2.10E-09
0.02162	-2.10E-09
0.02164	-2.10E-09
0.02166	-2.10E-09
0.02168	-2.10E-09
0.0217	-2.10E-09
0.02172	-2.10E-09
0.02174	-2.10E-09
0.02176	-2.10E-09
0.02178	-2.10E-09
0.0218	-2.10E-09
0.02182	-2.10E-09
0.02184	-2.10E-09
0.02186	-2.10E-09
0.02188	-2.10E-09
0.0219	-2.10E-09
0.02192	-2.10E-09
0.02194	-2.10E-09
0.02196	-2.10E-09
0.02198	-2.10E-09
0.022	-2.11E-09
0.02202	-2.11E-09
0.02204	-2.11E-09
0.02206	-2.12E-09
0.02208	-2.12E-09
0.0221	-2.11E-09
0.02212	-2.11E-09
0.02214	-2.10E-09
0.02216	-2.10E-09
0.02218	-2.09E-09
0.0222	-2.08E-09
0.02222	-2.08E-09
0.02224	-2.07E-09
0.02226	-2.06E-09
0.02228	-2.06E-09
0.0223	-2.06E-09
0.02232	-2.06E-09
0.02234	-2.06E-09
0.02236	-2.06E-09
0.02238	-2.06E-09
0.0224	-2.06E-09
0.02242	-2.05E-09
0.02244	-2.05E-09
0.02246	-2.05E-09
0.02248	-2.06E-09
0.0225	-2.06E-09
0.02252	-2.07E-09
