0.01062	-3.78E-09
0.01064	-3.84E-09
0.01066	-3.87E-09
0.01068	-3.86E-09
0.0107	-3.84E-09
0.01072	-3.80E-09
0.01074	-3.74E-09
0.01076	-3.67E-09
0.01078	-3.59E-09
0.0108	-3.51E-09
0.01082	-3.42E-09
0.01084	-3.33E-09
0.01086	-3.25E-09
0.01088	-3.17E-09
0.0109	-3.09E-09
0.01092	-3.02E-09
0.01094	-2.94E-09
0.01096	-2.88E-09
0.01098	-2.81E-09
0.011	-2.73E-09
0.01102	-2.66E-09
0.01104	-2.59E-09
0.01106	-2.53E-09
0.01108	-2.47E-09
0.0111	-2.41E-09
0.01112	-2.36E-09
0.01114	-2.31E-09
0.01116	-2.26E-09
0.01118	-2.22E-09
0.0112	-2.19E-09
0.01122	-2.16E-09
0.01124	-2.13E-09
0.01126	-2.10E-09
0.01128	-2.07E-09
0.0113	-2.04E-09
0.01132	-2.02E-09
0.01134	-1.99E-09
0.01136	-1.96E-09
0.01138	-1.92E-09
0.0114	-1.90E-09
0.01142	-1.87E-09
0.01144	-1.84E-09
0.01146	-1.81E-09
0.01148	-1.79E-09
0.0115	-1.77E-09
0.01152	-1.75E-09
0.01154	-1.72E-09
0.01156	-1.70E-09
0.01158	-1.68E-09
0.0116	-1.65E-09
0.01162	-1.63E-09
0.01164	-1.61E-09
0.01166	-1.59E-09
0.01168	-1.58E-09
0.0117	-1.57E-09
0.01172	-1.55E-09
0.01174	-1.54E-09
0.01176	-1.53E-09
0.01178	-1.52E-09
0.0118	-1.50E-09
0.01182	-1.49E-09
0.01184	-1.46E-09
0.01186	-1.45E-09
0.01188	-1.43E-09
0.0119	-1.41E-09
0.01192	-1.39E-09
0.01194	-1.37E-09
0.01196	-1.35E-09
0.01198	-1.33E-09
0.012	-1.30E-09
0.01202	-1.29E-09
0.01204	-1.28E-09
0.01206	-1.26E-09
0.01208	-1.25E-09
0.0121	-1.24E-09
0.01212	-1.23E-09
0.01214	-1.23E-09
0.01216	-1.22E-09
0.01218	-1.22E-09
0.0122	-1.21E-09
0.01222	-1.20E-09
0.01224	-1.19E-09
0.01226	-1.18E-09
0.01228	-1.17E-09
0.0123	-1.17E-09
0.01232	-1.17E-09
0.01234	-1.16E-09
0.01236	-1.16E-09
0.01238	-1.15E-09
0.0124	-1.14E-09
0.01242	-1.13E-09
0.01244	-1.12E-09
0.01246	-1.11E-09
0.01248	-1.11E-09
0.0125	-1.11E-09
0.01252	-1.11E-09
0.01254	-1.11E-09
0.01256	-1.10E-09
0.01258	-1.09E-09
0.0126	-1.08E-09
0.01262	-1.08E-09
0.01264	-1.07E-09
0.01266	-1.07E-09
0.01268	-1.06E-09
0.0127	-1.06E-09
0.01272	-1.05E-09
0.01274	-1.04E-09
0.01276	-1.04E-09
0.01278	-1.03E-09
0.0128	-1.03E-09
0.01282	-1.02E-09
0.01284	-1.02E-09
0.01286	-1.02E-09
0.01288	-1.02E-09
0.0129	-1.03E-09
0.01292	-1.03E-09
0.01294	-1.03E-09
0.01296	-1.02E-09
0.01298	-1.01E-09
0.013	-1.00E-09
0.01302	-9.95E-10
0.01304	-9.89E-10
0.01306	-9.83E-10
0.01308	-9.73E-10
0.0131	-9.63E-10
0.01312	-9.53E-10
0.01314	-9.48E-10
0.01316	-9.41E-10
0.01318	-9.36E-10
0.0132	-9.35E-10
0.01322	-9.35E-10
0.01324	-9.32E-10
0.01326	-9.31E-10
0.01328	-9.31E-10
0.0133	-9.33E-10
0.01332	-9.36E-10
0.01334	-9.45E-10
0.01336	-9.53E-10
0.01338	-9.56E-10
0.0134	-9.55E-10
0.01342	-9.56E-10
0.01344	-9.53E-10
0.01346	-9.49E-10
0.01348	-9.43E-10
0.0135	-9.38E-10
0.01352	-9.33E-10
0.01354	-9.34E-10
0.01356	-9.34E-10
0.01358	-9.31E-10
0.0136	-9.25E-10
0.01362	-9.22E-10
0.01364	-9.16E-10
0.01366	-9.08E-10
0.01368	-8.98E-10
0.0137	-8.91E-10
0.01372	-8.87E-10
0.01374	-8.82E-10
0.01376	-8.76E-10
0.01378	-8.72E-10
0.0138	-8.69E-10
0.01382	-8.69E-10
0.01384	-8.75E-10
0.01386	-8.78E-10
0.01388	-8.78E-10
0.0139	-8.73E-10
0.01392	-8.69E-10
0.01394	-8.65E-10
0.01396	-8.66E-10
0.01398	-8.70E-10
0.014	-8.75E-10
0.01402	-8.73E-10
0.01404	-8.73E-10
0.01406	-8.79E-10
0.01408	-8.80E-10
0.0141	-8.83E-10
0.01412	-8.81E-10
0.01414	-8.81E-10
0.01416	-8.78E-10
0.01418	-8.79E-10
0.0142	-8.75E-10
0.01422	-8.61E-10
0.01424	-8.50E-10
0.01426	-8.44E-10
0.01428	-8.45E-10
0.0143	-8.41E-10
0.01432	-8.40E-10
0.01434	-8.36E-10
0.01436	-8.28E-10
0.01438	-8.25E-10
0.0144	-8.22E-10
0.01442	-8.19E-10
0.01444	-8.20E-10
0.01446	-8.20E-10
0.01448	-8.20E-10
0.0145	-8.17E-10
0.01452	-8.22E-10
0.01454	-8.22E-10
0.01456	-8.26E-10
0.01458	-8.26E-10
0.0146	-8.29E-10
0.01462	-8.26E-10
0.01464	-8.24E-10
0.01466	-8.23E-10
0.01468	-8.23E-10
0.0147	-8.23E-10
0.01472	-8.23E-10
0.01474	-8.26E-10
0.01476	-8.28E-10
0.01478	-8.23E-10
0.0148	-8.14E-10
0.01482	-8.04E-10
0.01484	-8.04E-10
0.01486	-8.06E-10
0.01488	-8.05E-10
0.0149	-8.04E-10
0.01492	-8.03E-10
0.01494	-7.98E-10
0.01496	-7.97E-10
0.01498	-7.95E-10
0.015	-7.95E-10
0.01502	-7.98E-10
0.01504	-7.99E-10
0.01506	-8.00E-10
0.01508	-7.97E-10
0.0151	-7.92E-10
0.01512	-7.91E-10
0.01514	-7.90E-10
0.01516	-7.89E-10
0.01518	-7.90E-10
0.0152	-7.94E-10
0.01522	-7.97E-10
0.01524	-7.98E-10
0.01526	-7.97E-10
0.01528	-7.93E-10
0.0153	-7.92E-10
0.01532	-7.90E-10
0.01534	-7.93E-10
0.01536	-7.92E-10
0.01538	-7.84E-10
0.0154	-7.79E-10
0.01542	-7.74E-10
0.01544	-7.72E-10
0.01546	-7.71E-10
0.01548	-7.71E-10
0.0155	-7.72E-10
0.01552	-7.70E-10
0.01554	-7.64E-10
0.01556	-7.57E-10
0.01558	-7.52E-10
0.0156	-7.46E-10
0.01562	-7.43E-10
0.01564	-7.40E-10
0.01566	-7.39E-10
0.01568	-7.41E-10
0.0157	-7.46E-10
0.01572	-7.48E-10
0.01574	-7.46E-10
0.01576	-7.45E-10
0.01578	-7.41E-10
0.0158	-7.38E-10
0.01582	-7.32E-10
0.01584	-7.27E-10
0.01586	-7.23E-10
0.01588	-7.25E-10
0.0159	-7.29E-10
0.01592	-7.31E-10
0.01594	-7.39E-10
0.01596	-7.45E-10
0.01598	-7.53E-10
0.016	-7.59E-10
0.01602	-7.61E-10
0.01604	-7.62E-10
0.01606	-7.57E-10
0.01608	-7.55E-10
0.0161	-7.49E-10
0.01612	-7.40E-10
0.01614	-7.28E-10
0.01616	-7.17E-10
0.01618	-7.17E-10
0.0162	-7.16E-10
0.01622	-7.18E-10
0.01624	-7.22E-10
0.01626	-7.26E-10
0.01628	-7.34E-10
0.0163	-7.39E-10
0.01632	-7.40E-10
0.01634	-7.38E-10
0.01636	-7.34E-10
0.01638	-7.35E-10
0.0164	-7.35E-10
0.01642	-7.28E-10
0.01644	-7.23E-10
0.01646	-7.17E-10
0.01648	-7.14E-10
0.0165	-7.14E-10
0.01652	-7.18E-10
0.01654	-7.22E-10
0.01656	-7.28E-10
0.01658	-7.29E-10
0.0166	-7.27E-10
0.01662	-7.24E-10
0.01664	-7.23E-10
0.01666	-7.23E-10
0.01668	-7.23E-10
0.0167	-7.23E-10
0.01672	-7.23E-10
0.01674	-7.21E-10
0.01676	-7.18E-10
0.01678	-7.17E-10
0.0168	-7.21E-10
0.01682	-7.25E-10
0.01684	-7.31E-10
0.01686	-7.34E-10
0.01688	-7.35E-10
0.0169	-7.34E-10
0.01692	-7.29E-10
0.01694	-7.26E-10
0.01696	-7.25E-10
0.01698	-7.18E-10
0.017	-7.14E-10
0.01702	-7.11E-10
0.01704	-7.09E-10
0.01706	-7.11E-10
0.01708	-7.13E-10
0.0171	-7.14E-10
0.01712	-7.14E-10
0.01714	-7.14E-10
0.01716	-7.10E-10
0.01718	-7.07E-10
0.0172	-7.06E-10
0.01722	-7.04E-10
0.01724	-7.04E-10
0.01726	-7.03E-10
0.01728	-7.01E-10
0.0173	-7.06E-10
0.01732	-7.10E-10
0.01734	-7.15E-10
0.01736	-7.16E-10
0.01738	-7.11E-10
0.0174	-7.06E-10
0.01742	-6.98E-10
0.01744	-6.90E-10
0.01746	-6.82E-10
0.01748	-6.75E-10
0.0175	-6.70E-10
0.01752	-6.69E-10
0.01754	-6.72E-10
0.01756	-6.76E-10
0.01758	-6.79E-10
0.0176	-6.84E-10
0.01762	-6.92E-10
0.01764	-6.96E-10
0.01766	-6.98E-10
0.01768	-6.95E-10
0.0177	-6.90E-10
0.01772	-6.86E-10
0.01774	-6.82E-10
0.01776	-6.81E-10
0.01778	-6.85E-10
0.0178	-6.87E-10
0.01782	-6.88E-10
0.01784	-6.86E-10
0.01786	-6.82E-10
0.01788	-6.75E-10
0.0179	-6.70E-10
0.01792	-6.60E-10
0.01794	-6.52E-10
0.01796	-6.49E-10
0.01798	-6.52E-10
0.018	-6.59E-10
0.01802	-6.63E-10
0.01804	-6.66E-10
0.01806	-6.70E-10
0.01808	-6.70E-10
0.0181	-6.67E-10
0.01812	-6.63E-10
0.01814	-6.62E-10
0.01816	-6.65E-10
0.01818	-6.69E-10
0.0182	-6.73E-10
0.01822	-6.73E-10
0.01824	-6.68E-10
0.01826	-6.70E-10
0.01828	-6.71E-10
0.0183	-6.71E-10
0.01832	-6.68E-10
0.01834	-6.62E-10
0.01836	-6.59E-10
0.01838	-6.63E-10
0.0184	-6.63E-10
0.01842	-6.67E-10
0.01844	-6.70E-10
0.01846	-6.72E-10
0.01848	-6.72E-10
0.0185	-6.68E-10
0.01852	-6.65E-10
0.01854	-6.65E-10
0.01856	-6.68E-10
0.01858	-6.71E-10
0.0186	-6.69E-10
0.01862	-6.65E-10
0.01864	-6.62E-10
0.01866	-6.59E-10
0.01868	-6.56E-10
0.0187	-6.52E-10
0.01872	-6.49E-10
0.01874	-6.47E-10
0.01876	-6.48E-10
0.01878	-6.54E-10
0.0188	-6.63E-10
0.01882	-6.69E-10
0.01884	-6.70E-10
0.01886	-6.68E-10
0.01888	-6.64E-10
0.0189	-6.64E-10
0.01892	-6.63E-10
0.01894	-6.62E-10
0.01896	-6.65E-10
0.01898	-6.63E-10
0.019	-6.65E-10
0.01902	-6.72E-10
0.01904	-6.74E-10
0.01906	-6.78E-10
0.01908	-6.77E-10
0.0191	-6.79E-10
0.01912	-6.80E-10
0.01914	-6.77E-10
0.01916	-6.71E-10
0.01918	-6.67E-10
0.0192	-6.67E-10
0.01922	-6.67E-10
0.01924	-6.65E-10
0.01926	-6.66E-10
0.01928	-6.67E-10
0.0193	-6.72E-10
0.01932	-6.74E-10
0.01934	-6.77E-10
0.01936	-6.79E-10
0.01938	-6.77E-10
0.0194	-6.73E-10
0.01942	-6.66E-10
0.01944	-6.63E-10
0.01946	-6.65E-10
0.01948	-6.60E-10
0.0195	-6.59E-10
0.01952	-6.55E-10
0.01954	-6.56E-10
0.01956	-6.57E-10
0.01958	-6.58E-10
0.0196	-6.62E-10
0.01962	-6.67E-10
0.01964	-6.71E-10
0.01966	-6.71E-10
0.01968	-6.66E-10
0.0197	-6.57E-10
0.01972	-6.52E-10
0.01974	-6.51E-10
0.01976	-6.51E-10
0.01978	-6.47E-10
0.0198	-6.46E-10
0.01982	-6.42E-10
0.01984	-6.36E-10
0.01986	-6.35E-10
0.01988	-6.36E-10
