[10.908309916817608, -87.10463023817512, 3.0011746787293077, 0.44727487421470496, 0.8785857493328914, -76.12397603410426, -115.27041691162168, 4.617330830819686, 4.375620746753772, 0.2298287526955799, 0.14492631821451327, 0.4297941053181775, 0.1675968061446833, 0.11151263736916048, -54.298139923065605, 18.99767345652441, -2.111031585766284, 0.0859948629597358, 9.759107788483933, 1.0000874705243068, 108.25051269673193, -44.03242631540333, 53.00846454794056, 53.4421399992283]
gen	nevals	avg    	std    	min    	max    
1  	5     	14224.9	9821.93	3994.34	31972.8


[14.050523968942905, -16.21100256142814, 66.63846343973289, 0.5138627063501463, 0.8175376198366756, -59.76625468536618, -52.91264706430832, 4.916398751699636, 4.326632773334939, 0.2322182477906541, 0.06449885785199969, 10.913308260279308, 0.15241103816615303, 0.09706258730111081, -80.13288072600095, 17.7008802169546, -113.86110284047703, 0.06946739742465888, 77.45274749820297, 1.0148260008990162, 3.914334562919774, -51.45875749743503, 52.96622486690901, 53.49188157793028]
gen	nevals	avg    	std    	min    	max    
1  	5     	14224.9	9821.93	3994.34	31972.8
2  	5     	12724.3	8679.84	1526.74	31972.8


[41.089099410928675, -87.12465320292608, 50.5644288812677, 0.925929733660052, 0.11696597855387714, -15.616231563265202, -49.1002656577746, 3.884352418459407, 10.132127948518038, 0.243673489999351, 0.12857844391790263, 0.5924566168978522, 0.10818778015616189, 0.12488614583310227, -58.7904935537397, 23.83113926970649, -145.8317273715075, 0.018389938363785267, 14.320220727807998, 1.2795970492631392, 128.64356869131447, -44.14453642485295, 37.894154990794256, 61.32874741121382]
gen	nevals	avg    	std    	min    	max    
1  	5     	14224.9	9821.93	3994.34	31972.8
2  	5     	12724.3	8679.84	1526.74	31972.8
3  	5     	9069.02	10069.4	748.32 	38148.2


[43.66227671439202, -92.37651209392376, 38.18541009445018, 0.8925445709389295, 0.07115371194004122, -6.871859164594158, -50.22599324284885, 12.403193260221116, 0.6132274437031602, 0.24439104973562928, 0.12857844391790263, 1.6541679821337754, 0.17137041653362467, 0.17042080129654513, -58.7904935537397, 13.465246221419976, -145.8317273715075, 0.0027329669988833648, 14.056270284779558, 1.2800377441332556, 134.69761898574546, -44.14453642485295, 40.16223592648974, 61.32874741121382]
gen	nevals	avg    	std    	min    	max    
1  	5     	14224.9	9821.93	3994.34	31972.8
2  	5     	12724.3	8679.84	1526.74	31972.8
3  	5     	9069.02	10069.4	748.32 	38148.2
4  	5     	7e+15  	2.1e+16	330.033	7e+16  


[43.66227671439202, -92.37651209392376, 38.18541009445018, 0.8925445709389295, 0.07115371194004122, -6.871859164594158, -50.22599324284885, 12.403193260221116, 0.6132274437031602, 0.24439104973562928, 0.12857844391790263, 1.6541679821337754, 0.17137041653362467, 0.17042080129654513, -58.7904935537397, 13.465246221419976, -145.8317273715075, 0.0027329669988833648, 14.056270284779558, 1.2800377441332556, 134.69761898574546, -44.14453642485295, 40.16223592648974, 61.32874741121382]
gen	nevals	avg    	std    	min    	max    
1  	5     	14224.9	9821.93	3994.34	31972.8
2  	5     	12724.3	8679.84	1526.74	31972.8
3  	5     	9069.02	10069.4	748.32 	38148.2
4  	5     	7e+15  	2.1e+16	330.033	7e+16  
5  	5     	5688.59	5321.72	330.033	19545.4


[46.0934598025227, -91.86594139020372, 38.18541009445018, 0.8961114226272917, 0.07154437120025012, -16.27953242258838, -70.93458074299345, 4.527208808580905, 13.15660548155466, 0.3714506247432138, 0.2747641776276935, 0.6516764448843961, 0.18887194963234746, 0.1456347376795652, -60.42489073270537, 18.3128571201511, -145.52092743746547, 0.05607631068213435, 14.3817823822003, 1.856450583658095, 134.69761898574546, -14.678357631045351, 52.45717136870073, 61.32874741121382]
gen	nevals	avg    	std    	min    	max    
1  	5     	14224.9	9821.93	3994.34	31972.8
2  	5     	12724.3	8679.84	1526.74	31972.8
3  	5     	9069.02	10069.4	748.32 	38148.2
4  	5     	7e+15  	2.1e+16	330.033	7e+16  
5  	5     	5688.59	5321.72	330.033	19545.4
6  	5     	17345.4	27812.4	272.306	98151.3


[23.758408172550986, -103.68699785418066, 39.150999150757244, 0.7629868207915085, 0.3238343525273403, -15.198133692304717, -76.40090872992054, 0.5870659217010847, 18.239831404200157, 0.3714506247432138, 0.22936790742375404, 0.6516764448843961, 0.19464577393570257, 0.1456347376795652, -46.37934929036956, 4.392739526120229, -146.78013456716062, 0.05595464692551946, 20.54958618502654, 1.856450583658095, 122.86463606627257, -14.678357631045351, 58.97942748637327, 61.32874741121382]
gen	nevals	avg    	std    	min    	max    
1  	5     	14224.9	9821.93	3994.34	31972.8
2  	5     	12724.3	8679.84	1526.74	31972.8
3  	5     	9069.02	10069.4	748.32 	38148.2
4  	5     	7e+15  	2.1e+16	330.033	7e+16  
5  	5     	5688.59	5321.72	330.033	19545.4
6  	5     	17345.4	27812.4	272.306	98151.3
7  	5     	19645.9	29625.6	177.99 	98151.3


[23.758408172550986, -103.68699785418066, 39.150999150757244, 0.7629868207915085, 0.3238343525273403, -15.198133692304717, -76.40090872992054, 0.5870659217010847, 18.239831404200157, 0.3714506247432138, 0.22936790742375404, 0.6516764448843961, 0.19464577393570257, 0.1456347376795652, -46.37934929036956, 4.392739526120229, -146.78013456716062, 0.05595464692551946, 20.54958618502654, 1.856450583658095, 122.86463606627257, -14.678357631045351, 58.97942748637327, 61.32874741121382]
gen	nevals	avg    	std    	min    	max    
1  	5     	14224.9	9821.93	3994.34	31972.8
2  	5     	12724.3	8679.84	1526.74	31972.8
3  	5     	9069.02	10069.4	748.32 	38148.2
4  	5     	7e+15  	2.1e+16	330.033	7e+16  
5  	5     	5688.59	5321.72	330.033	19545.4
6  	5     	17345.4	27812.4	272.306	98151.3
7  	5     	19645.9	29625.6	177.99 	98151.3
8  	5     	76203.4	21314.1	50273.3	99682.1


[23.758408172550986, -103.68699785418066, 39.150999150757244, 0.7629868207915085, 0.3238343525273403, -15.198133692304717, -76.40090872992054, 0.5870659217010847, 18.239831404200157, 0.3714506247432138, 0.22936790742375404, 0.6516764448843961, 0.19464577393570257, 0.1456347376795652, -46.37934929036956, 4.392739526120229, -146.78013456716062, 0.05595464692551946, 20.54958618502654, 1.856450583658095, 122.86463606627257, -14.678357631045351, 58.97942748637327, 61.32874741121382]
gen	nevals	avg    	std    	min    	max    
1  	5     	14224.9	9821.93	3994.34	31972.8
2  	5     	12724.3	8679.84	1526.74	31972.8
3  	5     	9069.02	10069.4	748.32 	38148.2
4  	5     	7e+15  	2.1e+16	330.033	7e+16  
5  	5     	5688.59	5321.72	330.033	19545.4
6  	5     	17345.4	27812.4	272.306	98151.3
7  	5     	19645.9	29625.6	177.99 	98151.3
8  	5     	76203.4	21314.1	50273.3	99682.1
9  	5     	53542.9	20476.9	15198.6	76741.3


[23.758408172550986, -103.68699785418066, 39.150999150757244, 0.7629868207915085, 0.3238343525273403, -15.198133692304717, -76.40090872992054, 0.5870659217010847, 18.239831404200157, 0.3714506247432138, 0.22936790742375404, 0.6516764448843961, 0.19464577393570257, 0.1456347376795652, -46.37934929036956, 4.392739526120229, -146.78013456716062, 0.05595464692551946, 20.54958618502654, 1.856450583658095, 122.86463606627257, -14.678357631045351, 58.97942748637327, 61.32874741121382]
gen	nevals	avg    	std    	min    	max    
1  	5     	14224.9	9821.93	3994.34	31972.8
2  	5     	12724.3	8679.84	1526.74	31972.8
3  	5     	9069.02	10069.4	748.32 	38148.2
4  	5     	7e+15  	2.1e+16	330.033	7e+16  
5  	5     	5688.59	5321.72	330.033	19545.4
6  	5     	17345.4	27812.4	272.306	98151.3
7  	5     	19645.9	29625.6	177.99 	98151.3
8  	5     	76203.4	21314.1	50273.3	99682.1
9  	5     	53542.9	20476.9	15198.6	76741.3
10 	5     	53084  	29714.6	7783.58	99855.2


[23.758408172550986, -103.68699785418066, 39.150999150757244, 0.7629868207915085, 0.3238343525273403, -15.198133692304717, -76.40090872992054, 0.5870659217010847, 18.239831404200157, 0.3714506247432138, 0.22936790742375404, 0.6516764448843961, 0.19464577393570257, 0.1456347376795652, -46.37934929036956, 4.392739526120229, -146.78013456716062, 0.05595464692551946, 20.54958618502654, 1.856450583658095, 122.86463606627257, -14.678357631045351, 58.97942748637327, 61.32874741121382]
gen	nevals	avg    	std    	min    	max    
1  	5     	14224.9	9821.93	3994.34	31972.8
2  	5     	12724.3	8679.84	1526.74	31972.8
3  	5     	9069.02	10069.4	748.32 	38148.2
4  	5     	7e+15  	2.1e+16	330.033	7e+16  
5  	5     	5688.59	5321.72	330.033	19545.4
6  	5     	17345.4	27812.4	272.306	98151.3
7  	5     	19645.9	29625.6	177.99 	98151.3
8  	5     	76203.4	21314.1	50273.3	99682.1
9  	5     	53542.9	20476.9	15198.6	76741.3
10 	5     	53084  	29714.6	7783.58	99855.2
11 	5     	51557.8	35544.9	5423.6 	99855.2


[23.758408172550986, -103.68699785418066, 39.150999150757244, 0.7629868207915085, 0.3238343525273403, -15.198133692304717, -76.40090872992054, 0.5870659217010847, 18.239831404200157, 0.3714506247432138, 0.22936790742375404, 0.6516764448843961, 0.19464577393570257, 0.1456347376795652, -46.37934929036956, 4.392739526120229, -146.78013456716062, 0.05595464692551946, 20.54958618502654, 1.856450583658095, 122.86463606627257, -14.678357631045351, 58.97942748637327, 61.32874741121382]
gen	nevals	avg    	std    	min    	max    
1  	5     	14224.9	9821.93	3994.34	31972.8
2  	5     	12724.3	8679.84	1526.74	31972.8
3  	5     	9069.02	10069.4	748.32 	38148.2
4  	5     	7e+15  	2.1e+16	330.033	7e+16  
5  	5     	5688.59	5321.72	330.033	19545.4
6  	5     	17345.4	27812.4	272.306	98151.3
7  	5     	19645.9	29625.6	177.99 	98151.3
8  	5     	76203.4	21314.1	50273.3	99682.1
9  	5     	53542.9	20476.9	15198.6	76741.3
10 	5     	53084  	29714.6	7783.58	99855.2
11 	5     	51557.8	35544.9	5423.6 	99855.2
12 	5     	53360.5	37613.4	1120.82	99435.3


[23.758408172550986, -103.68699785418066, 39.150999150757244, 0.7629868207915085, 0.3238343525273403, -15.198133692304717, -76.40090872992054, 0.5870659217010847, 18.239831404200157, 0.3714506247432138, 0.22936790742375404, 0.6516764448843961, 0.19464577393570257, 0.1456347376795652, -46.37934929036956, 4.392739526120229, -146.78013456716062, 0.05595464692551946, 20.54958618502654, 1.856450583658095, 122.86463606627257, -14.678357631045351, 58.97942748637327, 61.32874741121382]
gen	nevals	avg    	std    	min    	max    
1  	5     	14224.9	9821.93	3994.34	31972.8
2  	5     	12724.3	8679.84	1526.74	31972.8
3  	5     	9069.02	10069.4	748.32 	38148.2
4  	5     	7e+15  	2.1e+16	330.033	7e+16  
5  	5     	5688.59	5321.72	330.033	19545.4
6  	5     	17345.4	27812.4	272.306	98151.3
7  	5     	19645.9	29625.6	177.99 	98151.3
8  	5     	76203.4	21314.1	50273.3	99682.1
9  	5     	53542.9	20476.9	15198.6	76741.3
10 	5     	53084  	29714.6	7783.58	99855.2
11 	5     	51557.8	35544.9	5423.6 	99855.2
12 	5     	53360.5	37613.4	1120.82	99435.3
13 	5     	26440.5	28717.5	5904   	99362.1


[23.758408172550986, -103.68699785418066, 39.150999150757244, 0.7629868207915085, 0.3238343525273403, -15.198133692304717, -76.40090872992054, 0.5870659217010847, 18.239831404200157, 0.3714506247432138, 0.22936790742375404, 0.6516764448843961, 0.19464577393570257, 0.1456347376795652, -46.37934929036956, 4.392739526120229, -146.78013456716062, 0.05595464692551946, 20.54958618502654, 1.856450583658095, 122.86463606627257, -14.678357631045351, 58.97942748637327, 61.32874741121382]
gen	nevals	avg    	std    	min    	max    
1  	5     	14224.9	9821.93	3994.34	31972.8
2  	5     	12724.3	8679.84	1526.74	31972.8
3  	5     	9069.02	10069.4	748.32 	38148.2
4  	5     	7e+15  	2.1e+16	330.033	7e+16  
5  	5     	5688.59	5321.72	330.033	19545.4
6  	5     	17345.4	27812.4	272.306	98151.3
7  	5     	19645.9	29625.6	177.99 	98151.3
8  	5     	76203.4	21314.1	50273.3	99682.1
9  	5     	53542.9	20476.9	15198.6	76741.3
10 	5     	53084  	29714.6	7783.58	99855.2
11 	5     	51557.8	35544.9	5423.6 	99855.2
12 	5     	53360.5	37613.4	1120.82	99435.3
13 	5     	26440.5	28717.5	5904   	99362.1
14 	5     	28466.6	30841.4	309.295	99362.1


[23.758408172550986, -103.68699785418066, 39.150999150757244, 0.7629868207915085, 0.3238343525273403, -15.198133692304717, -76.40090872992054, 0.5870659217010847, 18.239831404200157, 0.3714506247432138, 0.22936790742375404, 0.6516764448843961, 0.19464577393570257, 0.1456347376795652, -46.37934929036956, 4.392739526120229, -146.78013456716062, 0.05595464692551946, 20.54958618502654, 1.856450583658095, 122.86463606627257, -14.678357631045351, 58.97942748637327, 61.32874741121382]
gen	nevals	avg    	std    	min    	max    
1  	5     	14224.9	9821.93	3994.34	31972.8
2  	5     	12724.3	8679.84	1526.74	31972.8
3  	5     	9069.02	10069.4	748.32 	38148.2
4  	5     	7e+15  	2.1e+16	330.033	7e+16  
5  	5     	5688.59	5321.72	330.033	19545.4
6  	5     	17345.4	27812.4	272.306	98151.3
7  	5     	19645.9	29625.6	177.99 	98151.3
8  	5     	76203.4	21314.1	50273.3	99682.1
9  	5     	53542.9	20476.9	15198.6	76741.3
10 	5     	53084  	29714.6	7783.58	99855.2
11 	5     	51557.8	35544.9	5423.6 	99855.2
12 	5     	53360.5	37613.4	1120.82	99435.3
13 	5     	26440.5	28717.5	5904   	99362.1
14 	5     	28466.6	30841.4	309.295	99362.1
15 	5     	4092.5 	5226.75	309.295	15764.4


[23.758408172550986, -103.68699785418066, 39.150999150757244, 0.7629868207915085, 0.3238343525273403, -15.198133692304717, -76.40090872992054, 0.5870659217010847, 18.239831404200157, 0.3714506247432138, 0.22936790742375404, 0.6516764448843961, 0.19464577393570257, 0.1456347376795652, -46.37934929036956, 4.392739526120229, -146.78013456716062, 0.05595464692551946, 20.54958618502654, 1.856450583658095, 122.86463606627257, -14.678357631045351, 58.97942748637327, 61.32874741121382]
gen	nevals	avg    	std    	min    	max    
1  	5     	14224.9	9821.93	3994.34	31972.8
2  	5     	12724.3	8679.84	1526.74	31972.8
3  	5     	9069.02	10069.4	748.32 	38148.2
4  	5     	7e+15  	2.1e+16	330.033	7e+16  
5  	5     	5688.59	5321.72	330.033	19545.4
6  	5     	17345.4	27812.4	272.306	98151.3
7  	5     	19645.9	29625.6	177.99 	98151.3
8  	5     	76203.4	21314.1	50273.3	99682.1
9  	5     	53542.9	20476.9	15198.6	76741.3
10 	5     	53084  	29714.6	7783.58	99855.2
11 	5     	51557.8	35544.9	5423.6 	99855.2
12 	5     	53360.5	37613.4	1120.82	99435.3
13 	5     	26440.5	28717.5	5904   	99362.1
14 	5     	28466.6	30841.4	309.295	99362.1
15 	5     	4092.5 	5226.75	309.295	15764.4
16 	5     	10138.1	11100.3	510.078	37516.1


[23.758408172550986, -103.68699785418066, 39.150999150757244, 0.7629868207915085, 0.3238343525273403, -15.198133692304717, -76.40090872992054, 0.5870659217010847, 18.239831404200157, 0.3714506247432138, 0.22936790742375404, 0.6516764448843961, 0.19464577393570257, 0.1456347376795652, -46.37934929036956, 4.392739526120229, -146.78013456716062, 0.05595464692551946, 20.54958618502654, 1.856450583658095, 122.86463606627257, -14.678357631045351, 58.97942748637327, 61.32874741121382]
gen	nevals	avg    	std    	min    	max    
1  	5     	14224.9	9821.93	3994.34	31972.8
2  	5     	12724.3	8679.84	1526.74	31972.8
3  	5     	9069.02	10069.4	748.32 	38148.2
4  	5     	7e+15  	2.1e+16	330.033	7e+16  
5  	5     	5688.59	5321.72	330.033	19545.4
6  	5     	17345.4	27812.4	272.306	98151.3
7  	5     	19645.9	29625.6	177.99 	98151.3
8  	5     	76203.4	21314.1	50273.3	99682.1
9  	5     	53542.9	20476.9	15198.6	76741.3
10 	5     	53084  	29714.6	7783.58	99855.2
11 	5     	51557.8	35544.9	5423.6 	99855.2
12 	5     	53360.5	37613.4	1120.82	99435.3
13 	5     	26440.5	28717.5	5904   	99362.1
14 	5     	28466.6	30841.4	309.295	99362.1
15 	5     	4092.5 	5226.75	309.295	15764.4
16 	5     	10138.1	11100.3	510.078	37516.1
17 	5     	13565.9	13643.3	2703.19	42974  


[23.758408172550986, -103.68699785418066, 39.150999150757244, 0.7629868207915085, 0.3238343525273403, -15.198133692304717, -76.40090872992054, 0.5870659217010847, 18.239831404200157, 0.3714506247432138, 0.22936790742375404, 0.6516764448843961, 0.19464577393570257, 0.1456347376795652, -46.37934929036956, 4.392739526120229, -146.78013456716062, 0.05595464692551946, 20.54958618502654, 1.856450583658095, 122.86463606627257, -14.678357631045351, 58.97942748637327, 61.32874741121382]
gen	nevals	avg    	std    	min    	max    
1  	5     	14224.9	9821.93	3994.34	31972.8
2  	5     	12724.3	8679.84	1526.74	31972.8
3  	5     	9069.02	10069.4	748.32 	38148.2
4  	5     	7e+15  	2.1e+16	330.033	7e+16  
5  	5     	5688.59	5321.72	330.033	19545.4
6  	5     	17345.4	27812.4	272.306	98151.3
7  	5     	19645.9	29625.6	177.99 	98151.3
8  	5     	76203.4	21314.1	50273.3	99682.1
9  	5     	53542.9	20476.9	15198.6	76741.3
10 	5     	53084  	29714.6	7783.58	99855.2
11 	5     	51557.8	35544.9	5423.6 	99855.2
12 	5     	53360.5	37613.4	1120.82	99435.3
13 	5     	26440.5	28717.5	5904   	99362.1
14 	5     	28466.6	30841.4	309.295	99362.1
15 	5     	4092.5 	5226.75	309.295	15764.4
16 	5     	10138.1	11100.3	510.078	37516.1
17 	5     	13565.9	13643.3	2703.19	42974  
18 	5     	12401.7	13208.2	2703.19	37516.1


[23.758408172550986, -103.68699785418066, 39.150999150757244, 0.7629868207915085, 0.3238343525273403, -15.198133692304717, -76.40090872992054, 0.5870659217010847, 18.239831404200157, 0.3714506247432138, 0.22936790742375404, 0.6516764448843961, 0.19464577393570257, 0.1456347376795652, -46.37934929036956, 4.392739526120229, -146.78013456716062, 0.05595464692551946, 20.54958618502654, 1.856450583658095, 122.86463606627257, -14.678357631045351, 58.97942748637327, 61.32874741121382]
gen	nevals	avg    	std    	min    	max    
1  	5     	14224.9	9821.93	3994.34	31972.8
2  	5     	12724.3	8679.84	1526.74	31972.8
3  	5     	9069.02	10069.4	748.32 	38148.2
4  	5     	7e+15  	2.1e+16	330.033	7e+16  
5  	5     	5688.59	5321.72	330.033	19545.4
6  	5     	17345.4	27812.4	272.306	98151.3
7  	5     	19645.9	29625.6	177.99 	98151.3
8  	5     	76203.4	21314.1	50273.3	99682.1
9  	5     	53542.9	20476.9	15198.6	76741.3
10 	5     	53084  	29714.6	7783.58	99855.2
11 	5     	51557.8	35544.9	5423.6 	99855.2
12 	5     	53360.5	37613.4	1120.82	99435.3
13 	5     	26440.5	28717.5	5904   	99362.1
14 	5     	28466.6	30841.4	309.295	99362.1
15 	5     	4092.5 	5226.75	309.295	15764.4
16 	5     	10138.1	11100.3	510.078	37516.1
17 	5     	13565.9	13643.3	2703.19	42974  
18 	5     	12401.7	13208.2	2703.19	37516.1
19 	5     	7e+15  	2.1e+16	1546.94	7e+16  


[23.758408172550986, -103.68699785418066, 39.150999150757244, 0.7629868207915085, 0.3238343525273403, -15.198133692304717, -76.40090872992054, 0.5870659217010847, 18.239831404200157, 0.3714506247432138, 0.22936790742375404, 0.6516764448843961, 0.19464577393570257, 0.1456347376795652, -46.37934929036956, 4.392739526120229, -146.78013456716062, 0.05595464692551946, 20.54958618502654, 1.856450583658095, 122.86463606627257, -14.678357631045351, 58.97942748637327, 61.32874741121382]
gen	nevals	avg    	std    	min    	max    
1  	5     	14224.9	9821.93	3994.34	31972.8
2  	5     	12724.3	8679.84	1526.74	31972.8
3  	5     	9069.02	10069.4	748.32 	38148.2
4  	5     	7e+15  	2.1e+16	330.033	7e+16  
5  	5     	5688.59	5321.72	330.033	19545.4
6  	5     	17345.4	27812.4	272.306	98151.3
7  	5     	19645.9	29625.6	177.99 	98151.3
8  	5     	76203.4	21314.1	50273.3	99682.1
9  	5     	53542.9	20476.9	15198.6	76741.3
10 	5     	53084  	29714.6	7783.58	99855.2
11 	5     	51557.8	35544.9	5423.6 	99855.2
12 	5     	53360.5	37613.4	1120.82	99435.3
13 	5     	26440.5	28717.5	5904   	99362.1
14 	5     	28466.6	30841.4	309.295	99362.1
15 	5     	4092.5 	5226.75	309.295	15764.4
16 	5     	10138.1	11100.3	510.078	37516.1
17 	5     	13565.9	13643.3	2703.19	42974  
18 	5     	12401.7	13208.2	2703.19	37516.1
19 	5     	7e+15  	2.1e+16	1546.94	7e+16  
20 	5     	3689.51	2335.63	1546.94	8874.97


[23.758408172550986, -103.68699785418066, 39.150999150757244, 0.7629868207915085, 0.3238343525273403, -15.198133692304717, -76.40090872992054, 0.5870659217010847, 18.239831404200157, 0.3714506247432138, 0.22936790742375404, 0.6516764448843961, 0.19464577393570257, 0.1456347376795652, -46.37934929036956, 4.392739526120229, -146.78013456716062, 0.05595464692551946, 20.54958618502654, 1.856450583658095, 122.86463606627257, -14.678357631045351, 58.97942748637327, 61.32874741121382]
gen	nevals	avg    	std    	min    	max    
1  	5     	14224.9	9821.93	3994.34	31972.8
2  	5     	12724.3	8679.84	1526.74	31972.8
3  	5     	9069.02	10069.4	748.32 	38148.2
4  	5     	7e+15  	2.1e+16	330.033	7e+16  
5  	5     	5688.59	5321.72	330.033	19545.4
6  	5     	17345.4	27812.4	272.306	98151.3
7  	5     	19645.9	29625.6	177.99 	98151.3
8  	5     	76203.4	21314.1	50273.3	99682.1
9  	5     	53542.9	20476.9	15198.6	76741.3
10 	5     	53084  	29714.6	7783.58	99855.2
11 	5     	51557.8	35544.9	5423.6 	99855.2
12 	5     	53360.5	37613.4	1120.82	99435.3
13 	5     	26440.5	28717.5	5904   	99362.1
14 	5     	28466.6	30841.4	309.295	99362.1
15 	5     	4092.5 	5226.75	309.295	15764.4
16 	5     	10138.1	11100.3	510.078	37516.1
17 	5     	13565.9	13643.3	2703.19	42974  
18 	5     	12401.7	13208.2	2703.19	37516.1
19 	5     	7e+15  	2.1e+16	1546.94	7e+16  
20 	5     	3689.51	2335.63	1546.94	8874.97
21 	5     	3560.59	2140   	1546.94	7712.09


[23.758408172550986, -103.68699785418066, 39.150999150757244, 0.7629868207915085, 0.3238343525273403, -15.198133692304717, -76.40090872992054, 0.5870659217010847, 18.239831404200157, 0.3714506247432138, 0.22936790742375404, 0.6516764448843961, 0.19464577393570257, 0.1456347376795652, -46.37934929036956, 4.392739526120229, -146.78013456716062, 0.05595464692551946, 20.54958618502654, 1.856450583658095, 122.86463606627257, -14.678357631045351, 58.97942748637327, 61.32874741121382]
gen	nevals	avg    	std    	min    	max    
1  	5     	14224.9	9821.93	3994.34	31972.8
2  	5     	12724.3	8679.84	1526.74	31972.8
3  	5     	9069.02	10069.4	748.32 	38148.2
4  	5     	7e+15  	2.1e+16	330.033	7e+16  
5  	5     	5688.59	5321.72	330.033	19545.4
6  	5     	17345.4	27812.4	272.306	98151.3
7  	5     	19645.9	29625.6	177.99 	98151.3
8  	5     	76203.4	21314.1	50273.3	99682.1
9  	5     	53542.9	20476.9	15198.6	76741.3
10 	5     	53084  	29714.6	7783.58	99855.2
11 	5     	51557.8	35544.9	5423.6 	99855.2
12 	5     	53360.5	37613.4	1120.82	99435.3
13 	5     	26440.5	28717.5	5904   	99362.1
14 	5     	28466.6	30841.4	309.295	99362.1
15 	5     	4092.5 	5226.75	309.295	15764.4
16 	5     	10138.1	11100.3	510.078	37516.1
17 	5     	13565.9	13643.3	2703.19	42974  
18 	5     	12401.7	13208.2	2703.19	37516.1
19 	5     	7e+15  	2.1e+16	1546.94	7e+16  
20 	5     	3689.51	2335.63	1546.94	8874.97
21 	5     	3560.59	2140   	1546.94	7712.09
22 	5     	7636.76	5641.84	3534.87	23763.6


[23.758408172550986, -103.68699785418066, 39.150999150757244, 0.7629868207915085, 0.3238343525273403, -15.198133692304717, -76.40090872992054, 0.5870659217010847, 18.239831404200157, 0.3714506247432138, 0.22936790742375404, 0.6516764448843961, 0.19464577393570257, 0.1456347376795652, -46.37934929036956, 4.392739526120229, -146.78013456716062, 0.05595464692551946, 20.54958618502654, 1.856450583658095, 122.86463606627257, -14.678357631045351, 58.97942748637327, 61.32874741121382]
gen	nevals	avg    	std    	min    	max    
1  	5     	14224.9	9821.93	3994.34	31972.8
2  	5     	12724.3	8679.84	1526.74	31972.8
3  	5     	9069.02	10069.4	748.32 	38148.2
4  	5     	7e+15  	2.1e+16	330.033	7e+16  
5  	5     	5688.59	5321.72	330.033	19545.4
6  	5     	17345.4	27812.4	272.306	98151.3
7  	5     	19645.9	29625.6	177.99 	98151.3
8  	5     	76203.4	21314.1	50273.3	99682.1
9  	5     	53542.9	20476.9	15198.6	76741.3
10 	5     	53084  	29714.6	7783.58	99855.2
11 	5     	51557.8	35544.9	5423.6 	99855.2
12 	5     	53360.5	37613.4	1120.82	99435.3
13 	5     	26440.5	28717.5	5904   	99362.1
14 	5     	28466.6	30841.4	309.295	99362.1
15 	5     	4092.5 	5226.75	309.295	15764.4
16 	5     	10138.1	11100.3	510.078	37516.1
17 	5     	13565.9	13643.3	2703.19	42974  
18 	5     	12401.7	13208.2	2703.19	37516.1
19 	5     	7e+15  	2.1e+16	1546.94	7e+16  
20 	5     	3689.51	2335.63	1546.94	8874.97
21 	5     	3560.59	2140   	1546.94	7712.09
22 	5     	7636.76	5641.84	3534.87	23763.6
23 	5     	8267.7 	5684.96	3155.33	23763.6


[23.758408172550986, -103.68699785418066, 39.150999150757244, 0.7629868207915085, 0.3238343525273403, -15.198133692304717, -76.40090872992054, 0.5870659217010847, 18.239831404200157, 0.3714506247432138, 0.22936790742375404, 0.6516764448843961, 0.19464577393570257, 0.1456347376795652, -46.37934929036956, 4.392739526120229, -146.78013456716062, 0.05595464692551946, 20.54958618502654, 1.856450583658095, 122.86463606627257, -14.678357631045351, 58.97942748637327, 61.32874741121382]
gen	nevals	avg    	std    	min    	max    
1  	5     	14224.9	9821.93	3994.34	31972.8
2  	5     	12724.3	8679.84	1526.74	31972.8
3  	5     	9069.02	10069.4	748.32 	38148.2
4  	5     	7e+15  	2.1e+16	330.033	7e+16  
5  	5     	5688.59	5321.72	330.033	19545.4
6  	5     	17345.4	27812.4	272.306	98151.3
7  	5     	19645.9	29625.6	177.99 	98151.3
8  	5     	76203.4	21314.1	50273.3	99682.1
9  	5     	53542.9	20476.9	15198.6	76741.3
10 	5     	53084  	29714.6	7783.58	99855.2
11 	5     	51557.8	35544.9	5423.6 	99855.2
12 	5     	53360.5	37613.4	1120.82	99435.3
13 	5     	26440.5	28717.5	5904   	99362.1
14 	5     	28466.6	30841.4	309.295	99362.1
15 	5     	4092.5 	5226.75	309.295	15764.4
16 	5     	10138.1	11100.3	510.078	37516.1
17 	5     	13565.9	13643.3	2703.19	42974  
18 	5     	12401.7	13208.2	2703.19	37516.1
19 	5     	7e+15  	2.1e+16	1546.94	7e+16  
20 	5     	3689.51	2335.63	1546.94	8874.97
21 	5     	3560.59	2140   	1546.94	7712.09
22 	5     	7636.76	5641.84	3534.87	23763.6
23 	5     	8267.7 	5684.96	3155.33	23763.6
24 	5     	7e+15  	2.1e+16	3155.33	7e+16  


[23.758408172550986, -103.68699785418066, 39.150999150757244, 0.7629868207915085, 0.3238343525273403, -15.198133692304717, -76.40090872992054, 0.5870659217010847, 18.239831404200157, 0.3714506247432138, 0.22936790742375404, 0.6516764448843961, 0.19464577393570257, 0.1456347376795652, -46.37934929036956, 4.392739526120229, -146.78013456716062, 0.05595464692551946, 20.54958618502654, 1.856450583658095, 122.86463606627257, -14.678357631045351, 58.97942748637327, 61.32874741121382]
gen	nevals	avg    	std    	min    	max    
1  	5     	14224.9	9821.93	3994.34	31972.8
2  	5     	12724.3	8679.84	1526.74	31972.8
3  	5     	9069.02	10069.4	748.32 	38148.2
4  	5     	7e+15  	2.1e+16	330.033	7e+16  
5  	5     	5688.59	5321.72	330.033	19545.4
6  	5     	17345.4	27812.4	272.306	98151.3
7  	5     	19645.9	29625.6	177.99 	98151.3
8  	5     	76203.4	21314.1	50273.3	99682.1
9  	5     	53542.9	20476.9	15198.6	76741.3
10 	5     	53084  	29714.6	7783.58	99855.2
11 	5     	51557.8	35544.9	5423.6 	99855.2
12 	5     	53360.5	37613.4	1120.82	99435.3
13 	5     	26440.5	28717.5	5904   	99362.1
14 	5     	28466.6	30841.4	309.295	99362.1
15 	5     	4092.5 	5226.75	309.295	15764.4
16 	5     	10138.1	11100.3	510.078	37516.1
17 	5     	13565.9	13643.3	2703.19	42974  
18 	5     	12401.7	13208.2	2703.19	37516.1
19 	5     	7e+15  	2.1e+16	1546.94	7e+16  
20 	5     	3689.51	2335.63	1546.94	8874.97
21 	5     	3560.59	2140   	1546.94	7712.09
22 	5     	7636.76	5641.84	3534.87	23763.6
23 	5     	8267.7 	5684.96	3155.33	23763.6
24 	5     	7e+15  	2.1e+16	3155.33	7e+16  
25 	5     	4860.87	2907.88	634.604	11058.4


[23.758408172550986, -103.68699785418066, 39.150999150757244, 0.7629868207915085, 0.3238343525273403, -15.198133692304717, -76.40090872992054, 0.5870659217010847, 18.239831404200157, 0.3714506247432138, 0.22936790742375404, 0.6516764448843961, 0.19464577393570257, 0.1456347376795652, -46.37934929036956, 4.392739526120229, -146.78013456716062, 0.05595464692551946, 20.54958618502654, 1.856450583658095, 122.86463606627257, -14.678357631045351, 58.97942748637327, 61.32874741121382]
gen	nevals	avg    	std    	min    	max    
1  	5     	14224.9	9821.93	3994.34	31972.8
2  	5     	12724.3	8679.84	1526.74	31972.8
3  	5     	9069.02	10069.4	748.32 	38148.2
4  	5     	7e+15  	2.1e+16	330.033	7e+16  
5  	5     	5688.59	5321.72	330.033	19545.4
6  	5     	17345.4	27812.4	272.306	98151.3
7  	5     	19645.9	29625.6	177.99 	98151.3
8  	5     	76203.4	21314.1	50273.3	99682.1
9  	5     	53542.9	20476.9	15198.6	76741.3
10 	5     	53084  	29714.6	7783.58	99855.2
11 	5     	51557.8	35544.9	5423.6 	99855.2
12 	5     	53360.5	37613.4	1120.82	99435.3
13 	5     	26440.5	28717.5	5904   	99362.1
14 	5     	28466.6	30841.4	309.295	99362.1
15 	5     	4092.5 	5226.75	309.295	15764.4
16 	5     	10138.1	11100.3	510.078	37516.1
17 	5     	13565.9	13643.3	2703.19	42974  
18 	5     	12401.7	13208.2	2703.19	37516.1
19 	5     	7e+15  	2.1e+16	1546.94	7e+16  
20 	5     	3689.51	2335.63	1546.94	8874.97
21 	5     	3560.59	2140   	1546.94	7712.09
22 	5     	7636.76	5641.84	3534.87	23763.6
23 	5     	8267.7 	5684.96	3155.33	23763.6
24 	5     	7e+15  	2.1e+16	3155.33	7e+16  
25 	5     	4860.87	2907.88	634.604	11058.4
26 	5     	7e+15  	2.1e+16	521.336	7e+16  


[23.758408172550986, -103.68699785418066, 39.150999150757244, 0.7629868207915085, 0.3238343525273403, -15.198133692304717, -76.40090872992054, 0.5870659217010847, 18.239831404200157, 0.3714506247432138, 0.22936790742375404, 0.6516764448843961, 0.19464577393570257, 0.1456347376795652, -46.37934929036956, 4.392739526120229, -146.78013456716062, 0.05595464692551946, 20.54958618502654, 1.856450583658095, 122.86463606627257, -14.678357631045351, 58.97942748637327, 61.32874741121382]
gen	nevals	avg    	std    	min    	max    
1  	5     	14224.9	9821.93	3994.34	31972.8
2  	5     	12724.3	8679.84	1526.74	31972.8
3  	5     	9069.02	10069.4	748.32 	38148.2
4  	5     	7e+15  	2.1e+16	330.033	7e+16  
5  	5     	5688.59	5321.72	330.033	19545.4
6  	5     	17345.4	27812.4	272.306	98151.3
7  	5     	19645.9	29625.6	177.99 	98151.3
8  	5     	76203.4	21314.1	50273.3	99682.1
9  	5     	53542.9	20476.9	15198.6	76741.3
10 	5     	53084  	29714.6	7783.58	99855.2
11 	5     	51557.8	35544.9	5423.6 	99855.2
12 	5     	53360.5	37613.4	1120.82	99435.3
13 	5     	26440.5	28717.5	5904   	99362.1
14 	5     	28466.6	30841.4	309.295	99362.1
15 	5     	4092.5 	5226.75	309.295	15764.4
16 	5     	10138.1	11100.3	510.078	37516.1
17 	5     	13565.9	13643.3	2703.19	42974  
18 	5     	12401.7	13208.2	2703.19	37516.1
19 	5     	7e+15  	2.1e+16	1546.94	7e+16  
20 	5     	3689.51	2335.63	1546.94	8874.97
21 	5     	3560.59	2140   	1546.94	7712.09
22 	5     	7636.76	5641.84	3534.87	23763.6
23 	5     	8267.7 	5684.96	3155.33	23763.6
24 	5     	7e+15  	2.1e+16	3155.33	7e+16  
25 	5     	4860.87	2907.88	634.604	11058.4
26 	5     	7e+15  	2.1e+16	521.336	7e+16  
27 	5     	5529.6 	8970.03	444.417	31962.6


