0.01076	-6.63E-09
0.01078	-6.64E-09
0.0108	-6.64E-09
0.01082	-6.65E-09
0.01084	-6.66E-09
0.01086	-6.67E-09
0.01088	-6.67E-09
0.0109	-6.68E-09
0.01092	-6.68E-09
0.01094	-6.67E-09
0.01096	-6.69E-09
0.01098	-6.68E-09
0.011	-6.66E-09
0.01102	-6.64E-09
0.01104	-6.67E-09
0.01106	-6.65E-09
0.01108	-6.64E-09
0.0111	-6.65E-09
0.01112	-6.64E-09
0.01114	-6.63E-09
0.01116	-6.63E-09
0.01118	-6.60E-09
0.0112	-6.62E-09
0.01122	-6.61E-09
0.01124	-6.60E-09
0.01126	-6.62E-09
0.01128	-6.61E-09
0.0113	-6.60E-09
0.01132	-6.59E-09
0.01134	-6.60E-09
0.01136	-6.61E-09
0.01138	-6.60E-09
0.0114	-6.61E-09
0.01142	-6.62E-09
0.01144	-6.61E-09
0.01146	-6.61E-09
0.01148	-6.59E-09
0.0115	-6.61E-09
0.01152	-6.62E-09
0.01154	-6.61E-09
0.01156	-6.61E-09
0.01158	-6.58E-09
0.0116	-6.57E-09
0.01162	-6.58E-09
0.01164	-6.58E-09
0.01166	-6.59E-09
0.01168	-6.61E-09
0.0117	-6.59E-09
0.01172	-6.58E-09
0.01174	-6.57E-09
0.01176	-6.57E-09
0.01178	-6.57E-09
0.0118	-6.57E-09
0.01182	-6.54E-09
0.01184	-6.54E-09
0.01186	-6.53E-09
0.01188	-6.52E-09
0.0119	-6.54E-09
0.01192	-6.52E-09
0.01194	-6.52E-09
0.01196	-6.52E-09
0.01198	-6.52E-09
0.012	-6.52E-09
0.01202	-6.50E-09
0.01204	-6.50E-09
0.01206	-6.50E-09
0.01208	-6.51E-09
0.0121	-6.50E-09
0.01212	-6.49E-09
0.01214	-6.49E-09
0.01216	-6.48E-09
0.01218	-6.47E-09
0.0122	-6.44E-09
0.01222	-6.45E-09
0.01224	-6.44E-09
0.01226	-6.43E-09
0.01228	-6.43E-09
0.0123	-6.43E-09
0.01232	-6.40E-09
0.01234	-6.41E-09
0.01236	-6.41E-09
0.01238	-6.40E-09
0.0124	-6.40E-09
0.01242	-6.40E-09
0.01244	-6.40E-09
0.01246	-6.38E-09
0.01248	-6.38E-09
0.0125	-6.37E-09
0.01252	-6.38E-09
0.01254	-6.37E-09
0.01256	-6.37E-09
0.01258	-6.36E-09
0.0126	-6.37E-09
0.01262	-6.36E-09
0.01264	-6.35E-09
0.01266	-6.36E-09
0.01268	-6.34E-09
0.0127	-6.34E-09
0.01272	-6.33E-09
0.01274	-6.33E-09
0.01276	-6.32E-09
0.01278	-6.31E-09
0.0128	-6.30E-09
0.01282	-6.31E-09
0.01284	-6.29E-09
0.01286	-6.29E-09
0.01288	-6.27E-09
0.0129	-6.28E-09
0.01292	-6.30E-09
0.01294	-6.27E-09
0.01296	-6.27E-09
0.01298	-6.25E-09
0.013	-6.27E-09
0.01302	-6.27E-09
0.01304	-6.27E-09
0.01306	-6.27E-09
0.01308	-6.27E-09
0.0131	-6.26E-09
0.01312	-6.25E-09
0.01314	-6.27E-09
0.01316	-6.25E-09
0.01318	-6.25E-09
0.0132	-6.25E-09
0.01322	-6.25E-09
0.01324	-6.25E-09
0.01326	-6.24E-09
0.01328	-6.25E-09
0.0133	-6.24E-09
0.01332	-6.22E-09
0.01334	-6.24E-09
0.01336	-6.23E-09
0.01338	-6.22E-09
0.0134	-6.24E-09
0.01342	-6.22E-09
0.01344	-6.23E-09
0.01346	-6.22E-09
0.01348	-6.21E-09
0.0135	-6.20E-09
0.01352	-6.21E-09
0.01354	-6.18E-09
0.01356	-6.18E-09
0.01358	-6.17E-09
0.0136	-6.18E-09
0.01362	-6.16E-09
0.01364	-6.15E-09
0.01366	-6.15E-09
0.01368	-6.15E-09
0.0137	-6.16E-09
0.01372	-6.14E-09
0.01374	-6.15E-09
0.01376	-6.14E-09
0.01378	-6.15E-09
0.0138	-6.14E-09
0.01382	-6.14E-09
0.01384	-6.13E-09
0.01386	-6.13E-09
0.01388	-6.13E-09
0.0139	-6.12E-09
0.01392	-6.15E-09
0.01394	-6.14E-09
0.01396	-6.13E-09
0.01398	-6.15E-09
0.014	-6.15E-09
0.01402	-6.15E-09
0.01404	-6.13E-09
0.01406	-6.13E-09
0.01408	-6.12E-09
0.0141	-6.13E-09
0.01412	-6.13E-09
0.01414	-6.11E-09
0.01416	-6.11E-09
0.01418	-6.11E-09
0.0142	-6.10E-09
0.01422	-6.10E-09
0.01424	-6.11E-09
0.01426	-6.09E-09
0.01428	-6.10E-09
0.0143	-6.11E-09
0.01432	-6.11E-09
0.01434	-6.11E-09
0.01436	-6.10E-09
0.01438	-6.08E-09
0.0144	-6.09E-09
0.01442	-6.08E-09
0.01444	-6.09E-09
0.01446	-6.10E-09
0.01448	-6.08E-09
0.0145	-6.09E-09
0.01452	-6.08E-09
0.01454	-6.08E-09
0.01456	-6.07E-09
0.01458	-6.07E-09
0.0146	-6.07E-09
0.01462	-6.07E-09
0.01464	-6.07E-09
0.01466	-6.07E-09
0.01468	-6.09E-09
0.0147	-6.08E-09
0.01472	-6.09E-09
0.01474	-6.10E-09
0.01476	-6.09E-09
0.01478	-6.10E-09
0.0148	-6.09E-09
0.01482	-6.08E-09
0.01484	-6.08E-09
0.01486	-6.08E-09
0.01488	-6.08E-09
0.0149	-6.07E-09
0.01492	-6.07E-09
0.01494	-6.07E-09
0.01496	-6.06E-09
0.01498	-6.08E-09
0.015	-6.06E-09
0.01502	-6.06E-09
0.01504	-6.08E-09
0.01506	-6.05E-09
0.01508	-6.06E-09
0.0151	-6.05E-09
0.01512	-6.05E-09
0.01514	-6.04E-09
0.01516	-6.04E-09
0.01518	-6.04E-09
0.0152	-6.03E-09
0.01522	-6.03E-09
0.01524	-6.00E-09
0.01526	-6.01E-09
0.01528	-5.97E-09
0.0153	-5.97E-09
0.01532	-5.98E-09
0.01534	-5.97E-09
0.01536	-5.99E-09
0.01538	-5.97E-09
0.0154	-5.98E-09
0.01542	-5.98E-09
0.01544	-5.99E-09
0.01546	-5.99E-09
0.01548	-5.98E-09
0.0155	-5.99E-09
0.01552	-5.98E-09
0.01554	-5.97E-09
0.01556	-5.97E-09
0.01558	-5.98E-09
0.0156	-5.97E-09
0.01562	-5.98E-09
0.01564	-5.97E-09
0.01566	-5.97E-09
0.01568	-5.97E-09
0.0157	-5.98E-09
0.01572	-5.99E-09
0.01574	-5.98E-09
0.01576	-5.98E-09
0.01578	-5.96E-09
0.0158	-5.96E-09
0.01582	-5.95E-09
0.01584	-5.94E-09
0.01586	-5.96E-09
0.01588	-5.94E-09
0.0159	-5.96E-09
0.01592	-5.94E-09
0.01594	-5.95E-09
0.01596	-5.95E-09
0.01598	-5.94E-09
0.016	-5.95E-09
0.01602	-5.96E-09
0.01604	-5.95E-09
0.01606	-5.92E-09
0.01608	-5.93E-09
0.0161	-5.92E-09
0.01612	-5.93E-09
0.01614	-5.91E-09
0.01616	-5.92E-09
0.01618	-5.91E-09
0.0162	-5.89E-09
0.01622	-5.92E-09
0.01624	-5.92E-09
0.01626	-5.92E-09
0.01628	-5.94E-09
0.0163	-5.94E-09
0.01632	-5.94E-09
0.01634	-5.95E-09
0.01636	-5.95E-09
0.01638	-5.95E-09
0.0164	-5.97E-09
0.01642	-5.96E-09
0.01644	-5.96E-09
0.01646	-5.95E-09
0.01648	-5.94E-09
0.0165	-5.96E-09
0.01652	-5.94E-09
0.01654	-5.94E-09
0.01656	-5.94E-09
0.01658	-5.92E-09
0.0166	-5.93E-09
0.01662	-5.94E-09
0.01664	-5.91E-09
0.01666	-5.90E-09
0.01668	-5.92E-09
0.0167	-5.90E-09
0.01672	-5.90E-09
0.01674	-5.89E-09
0.01676	-5.88E-09
0.01678	-5.90E-09
0.0168	-5.91E-09
0.01682	-5.90E-09
0.01684	-5.90E-09
0.01686	-5.91E-09
0.01688	-5.92E-09
0.0169	-5.92E-09
0.01692	-5.93E-09
0.01694	-5.92E-09
0.01696	-5.91E-09
0.01698	-5.93E-09
0.017	-5.90E-09
0.01702	-5.91E-09
0.01704	-5.90E-09
0.01706	-5.91E-09
0.01708	-5.90E-09
0.0171	-5.90E-09
0.01712	-5.91E-09
0.01714	-5.91E-09
0.01716	-5.93E-09
0.01718	-5.91E-09
0.0172	-5.92E-09
0.01722	-5.94E-09
0.01724	-5.93E-09
0.01726	-5.93E-09
0.01728	-5.94E-09
0.0173	-5.96E-09
0.01732	-5.93E-09
0.01734	-5.93E-09
0.01736	-5.93E-09
0.01738	-5.91E-09
0.0174	-5.93E-09
0.01742	-5.93E-09
0.01744	-5.94E-09
0.01746	-5.95E-09
0.01748	-5.94E-09
0.0175	-5.94E-09
0.01752	-5.94E-09
0.01754	-5.93E-09
0.01756	-5.92E-09
0.01758	-5.91E-09
0.0176	-5.91E-09
0.01762	-5.89E-09
0.01764	-5.91E-09
0.01766	-5.90E-09
0.01768	-5.90E-09
0.0177	-5.91E-09
0.01772	-5.89E-09
0.01774	-5.89E-09
0.01776	-5.90E-09
0.01778	-5.90E-09
0.0178	-5.89E-09
0.01782	-5.89E-09
0.01784	-5.89E-09
0.01786	-5.89E-09
0.01788	-5.91E-09
0.0179	-5.90E-09
0.01792	-5.90E-09
0.01794	-5.90E-09
0.01796	-5.89E-09
0.01798	-5.90E-09
0.018	-5.88E-09
0.01802	-5.89E-09
0.01804	-5.89E-09
0.01806	-5.88E-09
0.01808	-5.88E-09
0.0181	-5.88E-09
0.01812	-5.89E-09
0.01814	-5.87E-09
0.01816	-5.87E-09
0.01818	-5.89E-09
0.0182	-5.89E-09
0.01822	-5.89E-09
0.01824	-5.88E-09
0.01826	-5.88E-09
0.01828	-5.87E-09
0.0183	-5.87E-09
0.01832	-5.87E-09
0.01834	-5.89E-09
0.01836	-5.89E-09
0.01838	-5.88E-09
0.0184	-5.89E-09
0.01842	-5.85E-09
0.01844	-5.87E-09
0.01846	-5.86E-09
0.01848	-5.87E-09
0.0185	-5.85E-09
0.01852	-5.85E-09
0.01854	-5.87E-09
0.01856	-5.86E-09
0.01858	-5.85E-09
0.0186	-5.85E-09
0.01862	-5.85E-09
0.01864	-5.86E-09
0.01866	-5.88E-09
0.01868	-5.89E-09
0.0187	-5.88E-09
0.01872	-5.89E-09
0.01874	-5.88E-09
0.01876	-5.89E-09
0.01878	-5.90E-09
0.0188	-5.90E-09
0.01882	-5.90E-09
0.01884	-5.91E-09
0.01886	-5.91E-09
0.01888	-5.91E-09
0.0189	-5.91E-09
0.01892	-5.91E-09
0.01894	-5.90E-09
0.01896	-5.92E-09
0.01898	-5.90E-09
0.019	-5.89E-09
0.01902	-5.91E-09
0.01904	-5.90E-09
0.01906	-5.90E-09
0.01908	-5.90E-09
0.0191	-5.90E-09
0.01912	-5.90E-09
0.01914	-5.91E-09
0.01916	-5.90E-09
0.01918	-5.91E-09
0.0192	-5.90E-09
0.01922	-5.92E-09
0.01924	-5.91E-09
0.01926	-5.92E-09
0.01928	-5.90E-09
0.0193	-5.92E-09
0.01932	-5.90E-09
0.01934	-5.89E-09
0.01936	-5.90E-09
0.01938	-5.88E-09
0.0194	-5.87E-09
0.01942	-5.86E-09
0.01944	-5.85E-09
0.01946	-5.83E-09
0.01948	-5.84E-09
0.0195	-5.84E-09
