0.0106	-1.01E-08
0.01062	-1.01E-08
0.01064	-1.01E-08
0.01066	-1.01E-08
0.01068	-1.01E-08
0.0107	-1.01E-08
0.01072	-1.00E-08
0.01074	-1.00E-08
0.01076	-9.99E-09
0.01078	-9.96E-09
0.0108	-9.94E-09
0.01082	-9.92E-09
0.01084	-9.91E-09
0.01086	-9.88E-09
0.01088	-9.86E-09
0.0109	-9.83E-09
0.01092	-9.81E-09
0.01094	-9.78E-09
0.01096	-9.75E-09
0.01098	-9.72E-09
0.011	-9.70E-09
0.01102	-9.67E-09
0.01104	-9.65E-09
0.01106	-9.64E-09
0.01108	-9.62E-09
0.0111	-9.60E-09
0.01112	-9.59E-09
0.01114	-9.57E-09
0.01116	-9.54E-09
0.01118	-9.52E-09
0.0112	-9.51E-09
0.01122	-9.49E-09
0.01124	-9.47E-09
0.01126	-9.45E-09
0.01128	-9.43E-09
0.0113	-9.41E-09
0.01132	-9.40E-09
0.01134	-9.38E-09
0.01136	-9.36E-09
0.01138	-9.34E-09
0.0114	-9.33E-09
0.01142	-9.32E-09
0.01144	-9.31E-09
0.01146	-9.30E-09
0.01148	-9.29E-09
0.0115	-9.28E-09
0.01152	-9.27E-09
0.01154	-9.26E-09
0.01156	-9.25E-09
0.01158	-9.24E-09
0.0116	-9.23E-09
0.01162	-9.22E-09
0.01164	-9.21E-09
0.01166	-9.20E-09
0.01168	-9.20E-09
0.0117	-9.19E-09
0.01172	-9.18E-09
0.01174	-9.16E-09
0.01176	-9.15E-09
0.01178	-9.15E-09
0.0118	-9.14E-09
0.01182	-9.13E-09
0.01184	-9.12E-09
0.01186	-9.11E-09
0.01188	-9.11E-09
0.0119	-9.10E-09
0.01192	-9.08E-09
0.01194	-9.07E-09
0.01196	-9.06E-09
0.01198	-9.06E-09
0.012	-9.04E-09
0.01202	-9.03E-09
0.01204	-9.03E-09
0.01206	-9.02E-09
0.01208	-9.02E-09
0.0121	-9.01E-09
0.01212	-9.01E-09
0.01214	-9.00E-09
0.01216	-9.00E-09
0.01218	-8.99E-09
0.0122	-8.99E-09
0.01222	-8.98E-09
0.01224	-8.98E-09
0.01226	-8.98E-09
0.01228	-8.97E-09
0.0123	-8.97E-09
0.01232	-8.97E-09
0.01234	-8.97E-09
0.01236	-8.97E-09
0.01238	-8.97E-09
0.0124	-8.96E-09
0.01242	-8.96E-09
0.01244	-8.95E-09
0.01246	-8.95E-09
0.01248	-8.94E-09
0.0125	-8.93E-09
0.01252	-8.92E-09
0.01254	-8.91E-09
0.01256	-8.90E-09
0.01258	-8.90E-09
0.0126	-8.89E-09
0.01262	-8.88E-09
0.01264	-8.88E-09
0.01266	-8.88E-09
0.01268	-8.88E-09
0.0127	-8.87E-09
0.01272	-8.87E-09
0.01274	-8.86E-09
0.01276	-8.87E-09
0.01278	-8.87E-09
0.0128	-8.86E-09
0.01282	-8.86E-09
0.01284	-8.86E-09
0.01286	-8.86E-09
0.01288	-8.86E-09
0.0129	-8.85E-09
0.01292	-8.85E-09
0.01294	-8.85E-09
0.01296	-8.85E-09
0.01298	-8.84E-09
0.013	-8.83E-09
0.01302	-8.83E-09
0.01304	-8.82E-09
0.01306	-8.83E-09
0.01308	-8.83E-09
0.0131	-8.82E-09
0.01312	-8.82E-09
0.01314	-8.81E-09
0.01316	-8.81E-09
0.01318	-8.80E-09
0.0132	-8.79E-09
0.01322	-8.79E-09
0.01324	-8.79E-09
0.01326	-8.79E-09
0.01328	-8.79E-09
0.0133	-8.79E-09
0.01332	-8.79E-09
0.01334	-8.79E-09
0.01336	-8.79E-09
0.01338	-8.79E-09
0.0134	-8.79E-09
0.01342	-8.78E-09
0.01344	-8.78E-09
0.01346	-8.78E-09
0.01348	-8.77E-09
0.0135	-8.77E-09
0.01352	-8.76E-09
0.01354	-8.76E-09
0.01356	-8.75E-09
0.01358	-8.75E-09
0.0136	-8.74E-09
0.01362	-8.74E-09
0.01364	-8.74E-09
0.01366	-8.75E-09
0.01368	-8.75E-09
0.0137	-8.75E-09
0.01372	-8.74E-09
0.01374	-8.73E-09
0.01376	-8.73E-09
0.01378	-8.72E-09
0.0138	-8.72E-09
0.01382	-8.72E-09
0.01384	-8.72E-09
0.01386	-8.72E-09
0.01388	-8.72E-09
0.0139	-8.72E-09
0.01392	-8.72E-09
0.01394	-8.72E-09
0.01396	-8.72E-09
0.01398	-8.72E-09
0.014	-8.73E-09
0.01402	-8.73E-09
0.01404	-8.73E-09
0.01406	-8.73E-09
0.01408	-8.73E-09
0.0141	-8.73E-09
0.01412	-8.72E-09
0.01414	-8.72E-09
0.01416	-8.72E-09
0.01418	-8.72E-09
0.0142	-8.72E-09
0.01422	-8.72E-09
0.01424	-8.72E-09
0.01426	-8.71E-09
0.01428	-8.71E-09
0.0143	-8.72E-09
0.01432	-8.72E-09
0.01434	-8.73E-09
0.01436	-8.73E-09
0.01438	-8.73E-09
0.0144	-8.73E-09
0.01442	-8.73E-09
0.01444	-8.73E-09
0.01446	-8.73E-09
0.01448	-8.73E-09
0.0145	-8.73E-09
0.01452	-8.73E-09
0.01454	-8.73E-09
0.01456	-8.72E-09
0.01458	-8.72E-09
0.0146	-8.72E-09
0.01462	-8.71E-09
0.01464	-8.71E-09
0.01466	-8.71E-09
0.01468	-8.71E-09
0.0147	-8.70E-09
0.01472	-8.69E-09
0.01474	-8.68E-09
0.01476	-8.68E-09
0.01478	-8.68E-09
0.0148	-8.68E-09
0.01482	-8.68E-09
0.01484	-8.68E-09
0.01486	-8.68E-09
0.01488	-8.68E-09
0.0149	-8.68E-09
0.01492	-8.69E-09
0.01494	-8.69E-09
0.01496	-8.69E-09
0.01498	-8.69E-09
0.015	-8.68E-09
0.01502	-8.68E-09
0.01504	-8.68E-09
0.01506	-8.68E-09
0.01508	-8.68E-09
0.0151	-8.68E-09
0.01512	-8.67E-09
0.01514	-8.67E-09
0.01516	-8.67E-09
0.01518	-8.67E-09
0.0152	-8.67E-09
0.01522	-8.66E-09
0.01524	-8.66E-09
0.01526	-8.66E-09
0.01528	-8.66E-09
0.0153	-8.66E-09
0.01532	-8.66E-09
0.01534	-8.66E-09
0.01536	-8.66E-09
0.01538	-8.66E-09
0.0154	-8.66E-09
0.01542	-8.66E-09
0.01544	-8.66E-09
0.01546	-8.66E-09
0.01548	-8.66E-09
0.0155	-8.66E-09
0.01552	-8.65E-09
0.01554	-8.65E-09
0.01556	-8.65E-09
0.01558	-8.66E-09
0.0156	-8.66E-09
0.01562	-8.65E-09
0.01564	-8.65E-09
0.01566	-8.65E-09
0.01568	-8.65E-09
0.0157	-8.65E-09
0.01572	-8.65E-09
0.01574	-8.65E-09
0.01576	-8.66E-09
0.01578	-8.66E-09
0.0158	-8.66E-09
0.01582	-8.66E-09
0.01584	-8.65E-09
0.01586	-8.65E-09
0.01588	-8.65E-09
0.0159	-8.65E-09
0.01592	-8.65E-09
0.01594	-8.64E-09
0.01596	-8.64E-09
0.01598	-8.63E-09
0.016	-8.62E-09
0.01602	-8.62E-09
0.01604	-8.62E-09
0.01606	-8.62E-09
0.01608	-8.62E-09
0.0161	-8.62E-09
0.01612	-8.61E-09
0.01614	-8.61E-09
0.01616	-8.61E-09
0.01618	-8.61E-09
0.0162	-8.61E-09
0.01622	-8.62E-09
0.01624	-8.62E-09
0.01626	-8.62E-09
0.01628	-8.62E-09
0.0163	-8.62E-09
0.01632	-8.62E-09
0.01634	-8.61E-09
0.01636	-8.61E-09
0.01638	-8.62E-09
0.0164	-8.62E-09
0.01642	-8.62E-09
0.01644	-8.61E-09
0.01646	-8.60E-09
0.01648	-8.61E-09
0.0165	-8.60E-09
0.01652	-8.61E-09
0.01654	-8.61E-09
0.01656	-8.62E-09
0.01658	-8.62E-09
0.0166	-8.62E-09
0.01662	-8.63E-09
0.01664	-8.63E-09
0.01666	-8.63E-09
0.01668	-8.64E-09
0.0167	-8.63E-09
0.01672	-8.64E-09
0.01674	-8.64E-09
0.01676	-8.64E-09
0.01678	-8.63E-09
0.0168	-8.63E-09
0.01682	-8.63E-09
0.01684	-8.63E-09
0.01686	-8.63E-09
0.01688	-8.63E-09
0.0169	-8.63E-09
0.01692	-8.63E-09
0.01694	-8.62E-09
0.01696	-8.62E-09
0.01698	-8.61E-09
0.017	-8.61E-09
0.01702	-8.61E-09
0.01704	-8.61E-09
0.01706	-8.61E-09
0.01708	-8.61E-09
0.0171	-8.61E-09
0.01712	-8.61E-09
0.01714	-8.62E-09
0.01716	-8.62E-09
0.01718	-8.62E-09
0.0172	-8.61E-09
0.01722	-8.61E-09
0.01724	-8.61E-09
0.01726	-8.61E-09
0.01728	-8.62E-09
0.0173	-8.62E-09
0.01732	-8.62E-09
0.01734	-8.62E-09
0.01736	-8.62E-09
0.01738	-8.62E-09
0.0174	-8.62E-09
0.01742	-8.62E-09
0.01744	-8.62E-09
0.01746	-8.62E-09
0.01748	-8.62E-09
0.0175	-8.62E-09
0.01752	-8.62E-09
0.01754	-8.62E-09
0.01756	-8.62E-09
0.01758	-8.62E-09
0.0176	-8.61E-09
0.01762	-8.60E-09
0.01764	-8.59E-09
0.01766	-8.59E-09
0.01768	-8.59E-09
0.0177	-8.59E-09
0.01772	-8.59E-09
0.01774	-8.59E-09
0.01776	-8.59E-09
0.01778	-8.59E-09
0.0178	-8.59E-09
0.01782	-8.58E-09
0.01784	-8.58E-09
0.01786	-8.58E-09
0.01788	-8.57E-09
0.0179	-8.56E-09
0.01792	-8.55E-09
0.01794	-8.54E-09
0.01796	-8.54E-09
0.01798	-8.54E-09
0.018	-8.55E-09
0.01802	-8.55E-09
0.01804	-8.56E-09
0.01806	-8.56E-09
0.01808	-8.56E-09
0.0181	-8.56E-09
0.01812	-8.56E-09
0.01814	-8.56E-09
0.01816	-8.56E-09
0.01818	-8.56E-09
0.0182	-8.55E-09
0.01822	-8.55E-09
0.01824	-8.55E-09
0.01826	-8.56E-09
0.01828	-8.56E-09
0.0183	-8.56E-09
0.01832	-8.55E-09
0.01834	-8.55E-09
0.01836	-8.55E-09
0.01838	-8.55E-09
0.0184	-8.55E-09
0.01842	-8.56E-09
0.01844	-8.55E-09
0.01846	-8.55E-09
0.01848	-8.56E-09
0.0185	-8.56E-09
0.01852	-8.56E-09
0.01854	-8.55E-09
0.01856	-8.55E-09
0.01858	-8.55E-09
0.0186	-8.56E-09
0.01862	-8.56E-09
0.01864	-8.55E-09
0.01866	-8.55E-09
0.01868	-8.54E-09
0.0187	-8.54E-09
0.01872	-8.54E-09
0.01874	-8.54E-09
0.01876	-8.54E-09
0.01878	-8.54E-09
0.0188	-8.54E-09
0.01882	-8.55E-09
0.01884	-8.55E-09
0.01886	-8.55E-09
0.01888	-8.56E-09
0.0189	-8.56E-09
0.01892	-8.56E-09
0.01894	-8.56E-09
0.01896	-8.56E-09
0.01898	-8.55E-09
0.019	-8.55E-09
0.01902	-8.54E-09
0.01904	-8.54E-09
0.01906	-8.53E-09
0.01908	-8.52E-09
0.0191	-8.52E-09
0.01912	-8.52E-09
0.01914	-8.52E-09
0.01916	-8.52E-09
0.01918	-8.52E-09
0.0192	-8.52E-09
0.01922	-8.53E-09
0.01924	-8.52E-09
0.01926	-8.51E-09
0.01928	-8.51E-09
0.0193	-8.51E-09
0.01932	-8.52E-09
0.01934	-8.52E-09
0.01936	-8.52E-09
0.01938	-8.52E-09
0.0194	-8.52E-09
0.01942	-8.52E-09
0.01944	-8.51E-09
0.01946	-8.51E-09
0.01948	-8.51E-09
0.0195	-8.51E-09
0.01952	-8.51E-09
0.01954	-8.51E-09
0.01956	-8.51E-09
0.01958	-8.51E-09
0.0196	-8.51E-09
0.01962	-8.51E-09
0.01964	-8.51E-09
0.01966	-8.52E-09
0.01968	-8.52E-09
0.0197	-8.52E-09
0.01972	-8.52E-09
0.01974	-8.51E-09
0.01976	-8.51E-09
0.01978	-8.51E-09
0.0198	-8.51E-09
0.01982	-8.51E-09
0.01984	-8.51E-09
0.01986	-8.51E-09
0.01988	-8.50E-09
0.0199	-8.50E-09
0.01992	-8.49E-09
0.01994	-8.49E-09
0.01996	-8.49E-09
0.01998	-8.49E-09
0.02	-8.49E-09
0.02002	-8.49E-09
0.02004	-8.50E-09
0.02006	-8.51E-09
0.02008	-8.51E-09
0.0201	-8.51E-09
0.02012	-8.51E-09
