[10.908309916817608, -87.10463023817512, 3.0011746787293077, 0.44727487421470496, 0.8785857493328914, -76.12397603410426, -115.27041691162168, 4.617330830819686, 4.375620746753772, 0.2298287526955799, 0.14492631821451327, 0.4297941053181775, 0.1675968061446833, 0.11151263736916048, -54.298139923065605, 18.99767345652441, -2.111031585766284, 0.0859948629597358, 9.759107788483933, 1.0000874705243068, 108.25051269673193, -44.03242631540333, 53.00846454794056, 53.4421399992283]
gen	nevals	avg    	std  	min    	max  
1  	3     	17199.3	12067	3536.73	32886


[10.908309916817608, -87.10463023817512, 3.0011746787293077, 0.44727487421470496, 0.8785857493328914, -76.12397603410426, -115.27041691162168, 4.617330830819686, 4.375620746753772, 0.2298287526955799, 0.14492631821451327, 0.4297941053181775, 0.1675968061446833, 0.11151263736916048, -54.298139923065605, 18.99767345652441, -2.111031585766284, 0.0859948629597358, 9.759107788483933, 1.0000874705243068, 108.25051269673193, -44.03242631540333, 53.00846454794056, 53.4421399992283]
gen	nevals	avg    	std    	min    	max    
1  	3     	17199.3	12067  	3536.73	32886  
2  	3     	23045.6	19971.2	3536.73	62311.5


[10.908309916817608, -87.10463023817512, 3.0011746787293077, 0.44727487421470496, 0.8785857493328914, -76.12397603410426, -115.27041691162168, 4.617330830819686, 4.375620746753772, 0.2298287526955799, 0.14492631821451327, 0.4297941053181775, 0.1675968061446833, 0.11151263736916048, -54.298139923065605, 18.99767345652441, -2.111031585766284, 0.0859948629597358, 9.759107788483933, 1.0000874705243068, 108.25051269673193, -44.03242631540333, 53.00846454794056, 53.4421399992283]
gen	nevals	avg    	std        	min    	max    
1  	3     	17199.3	12067      	3536.73	32886  
2  	3     	23045.6	19971.2    	3536.73	62311.5
3  	3     	1e+16  	2.23607e+16	12435.4	6e+16  


[10.908309916817608, -87.10463023817512, 3.0011746787293077, 0.44727487421470496, 0.8785857493328914, -76.12397603410426, -115.27041691162168, 4.617330830819686, 4.375620746753772, 0.2298287526955799, 0.14492631821451327, 0.4297941053181775, 0.1675968061446833, 0.11151263736916048, -54.298139923065605, 18.99767345652441, -2.111031585766284, 0.0859948629597358, 9.759107788483933, 1.0000874705243068, 108.25051269673193, -44.03242631540333, 53.00846454794056, 53.4421399992283]
gen	nevals	avg    	std        	min    	max    
1  	3     	17199.3	12067      	3536.73	32886  
2  	3     	23045.6	19971.2    	3536.73	62311.5
3  	3     	1e+16  	2.23607e+16	12435.4	6e+16  
4  	3     	13002.2	2504.59    	10610.3	18341.5


[10.908309916817608, -87.10463023817512, 3.0011746787293077, 0.44727487421470496, 0.8785857493328914, -76.12397603410426, -115.27041691162168, 4.617330830819686, 4.375620746753772, 0.2298287526955799, 0.14492631821451327, 0.4297941053181775, 0.1675968061446833, 0.11151263736916048, -54.298139923065605, 18.99767345652441, -2.111031585766284, 0.0859948629597358, 9.759107788483933, 1.0000874705243068, 108.25051269673193, -44.03242631540333, 53.00846454794056, 53.4421399992283]
gen	nevals	avg    	std        	min    	max    
1  	3     	17199.3	12067      	3536.73	32886  
2  	3     	23045.6	19971.2    	3536.73	62311.5
3  	3     	1e+16  	2.23607e+16	12435.4	6e+16  
4  	3     	13002.2	2504.59    	10610.3	18341.5
5  	3     	18440.4	9112.08    	12435.4	38307.7


